f0.2_d23_614686 20.75 30.69 0.2097 
f0.2_d23_65044 17.61 29.44 0.1987 
f0.2_d23_51515 18.91 30.06 0.2084 
f0.2_d23_513846 20.29 30.82 0.2063 
f0.2_d23_624305 17.88 28.17 0.1907 
f0.2_d23_71986 19.96 30.34 0.204 
f0.2_d23_864297 16.42 29.16 0.2042 
f0.2_d23_582081 19.41 29.89 0.2017 
f0.2_d23_781735 19.6 29.62 0.2052 
f0.2_d23_532096 15.62 27.92 0.1906 
f0.2_d23_322680 20.4 31.75 0.2076 
f0.2_d23_512745 20.2 30.4 0.1997 
f0.2_d23_624247 17.33 29.27 0.2088 
f0.2_d23_846575 19.04 31.25 0.2058 
f0.2_d23_453181 18.89 30.14 0.2034 
f0.2_d23_783581 20.66 30.67 0.2006 
f0.2_d23_600922 21.1 31.76 0.2015 
f0.2_d23_557626 18.8 30.99 0.1949 
f0.2_d23_26815 19.96 30.56 0.2034 
f0.2_d23_133995 19.54 31.09 0.2005 
f0.2_d23_27859 18.92 30.52 0.1983 
f0.2_d23_639871 17.41 29.16 0.1979 
f0.2_d23_805315 17.86 29.08 0.1974 
f0.2_d23_824566 18.48 29.72 0.1983 
f0.2_d23_138090 18.2 30.17 0.1929 
f0.2_d23_343174 20.4 30.88 0.2066 
f0.2_d23_594402 17.63 29.54 0.1976 
f0.2_d23_789593 20.56 29.45 0.1982 
f0.2_d23_896932 17.5 29.45 0.1948 
f0.2_d23_317473 20.13 31.3 0.2097 
f0.2_d23_595039 18.74 27.92 0.1904 
f0.2_d23_171723 17.51 30.88 0.2114 
f0.2_d23_949700 18.05 29.6 0.1952 
f0.2_d23_226049 20.07 30.49 0.1919 
f0.2_d23_815408 20.25 31.47 0.2116 
f0.2_d23_817910 19.85 29.59 0.2072 
f0.2_d23_391651 17.57 29.2 0.1946 
f0.2_d23_493718 19.3 30.68 0.2002 
f0.2_d23_663877 18.31 29.82 0.1961 
f0.2_d23_712249 18.69 30.11 0.1965 
f0.2_d23_690494 16.78 28.63 0.196 
f0.2_d23_760103 17.6 29.42 0.2034 
f0.2_d23_799781 19.16 30.39 0.1971 
f0.2_d23_799298 18.45 29.75 0.1957 
f0.2_d23_733137 19.36 30.1 0.2043 
f0.2_d23_450203 18.79 31.21 0.2064 
f0.2_d23_855606 19.82 29.73 0.1955 
f0.2_d23_171751 19.42 30.78 0.1932 
f0.2_d23_937510 20.52 30.64 0.1989 
f0.2_d23_759846 17.14 29.42 0.1971 
f0.2_d23_309985 20.3 30.28 0.2007 
f0.2_d23_807270 19.11 29.13 0.1878 
f0.2_d23_137382 16.48 30.18 0.2025 
f0.2_d23_319241 18.82 30.76 0.2037 
f0.2_d23_838910 18.64 28.83 0.1941 
f0.2_d23_139423 17.14 28.48 0.2039 
f0.2_d23_849430 17.74 29.97 0.2031 
f0.2_d23_768810 18.85 30.86 0.2053 
f0.2_d23_968332 17.95 29.96 0.1951 
f0.2_d23_870279 18.46 29.97 0.2009 
f0.2_d23_875833 18.09 29.6 0.2015 
f0.2_d23_334080 17.57 29.33 0.1973 
f0.2_d23_387933 20.56 30.02 0.2013 
f0.2_d23_25679 19.78 30.61 0.2185 
f0.2_d23_231612 16.57 29.35 0.2015 
f0.2_d23_230174 22.33 31.42 0.2029 
f0.2_d23_257252 19.17 30.87 0.2167 
f0.2_d34_721641 26.62 37.06 0.2083 
f0.2_d34_246179 24.62 38.19 0.2061 
f0.2_d34_222102 24.69 37.62 0.2116 
f0.2_d34_51705 26.1 38.62 0.2098 
f0.2_d34_474739 25.51 36.52 0.2081 
f0.2_d34_258909 25.64 37.5 0.2132 
f0.2_d34_166114 25.93 37.57 0.2127 
f0.2_d34_11519 27.53 38.17 0.2013 
f0.2_d34_913799 26.65 36.15 0.2099 
f0.2_d34_316977 26.15 38.24 0.2105 
f0.2_d34_940152 22.99 36.81 0.205 
f0.2_d34_81463 25.86 38.34 0.2118 
f0.2_d34_23435 26.69 38.07 0.2084 
f0.2_d34_890780 22.55 36.33 0.2126 
f0.2_d34_936144 25.44 38.91 0.2087 
f0.2_d34_196736 24.99 38.08 0.2098 
f0.2_d34_496048 26.13 38.63 0.2117 
f0.2_d34_349425 26.36 38.72 0.2116 
f0.2_d34_99140 26.75 39.39 0.2101 
f0.2_d34_805665 26.51 38.41 0.2176 
f0.2_d34_624874 25.47 38.47 0.2103 
f0.2_d34_706222 27.02 39.12 0.2118 
f0.2_d34_754501 26.15 38.22 0.2124 
f0.2_d34_724752 25.65 37.24 0.2086 
f0.2_d34_153316 26.33 37.97 0.2083 
f0.2_d34_135549 26.68 37.18 0.2126 
f0.2_d34_112271 26.99 38.65 0.2118 
f0.2_d34_412160 26.8 37.52 0.2125 
f0.2_d34_796923 23.32 37.75 0.2075 
f0.2_d34_879766 26.45 38.77 0.2073 
f0.2_d34_938166 25.52 37.63 0.2092 
f0.2_d34_922359 25.95 37.12 0.2089 
f0.2_d34_825210 26.32 38.95 0.2098 
f0.2_d34_189169 24.76 38.02 0.2063 
f0.2_d34_963601 27.1 38.72 0.212 
f0.2_d34_569192 25.13 37.0 0.2125 
f0.2_d34_221180 27.77 38.16 0.2078 
f0.2_d34_23554 25.11 36.85 0.2087 
f0.2_d34_192600 27.21 38.66 0.2168 
f0.2_d34_62173 24.05 37.5 0.2083 
f0.2_d34_768279 25.22 38.23 0.2178 
f0.2_d34_43029 25.14 37.6 0.2131 
f0.2_d34_291447 25.31 37.44 0.2079 
f0.2_d34_697746 27.51 38.98 0.2065 
f0.2_d34_804751 25.13 37.92 0.2156 
f0.2_d34_554818 26.46 38.51 0.2099 
f0.2_d34_434717 25.12 38.85 0.2045 
f0.2_d34_91057 25.29 38.23 0.2087 
f0.2_d34_630443 25.18 37.55 0.2146 
f0.2_d34_863142 26.5 39.14 0.2159 
f0.2_d34_713379 26.74 37.87 0.2155 
f0.2_d34_861442 26.87 37.76 0.2075 
f0.2_d34_322002 25.5 37.57 0.2073 
f0.2_d34_336505 25.12 36.81 0.213 
f0.2_d34_852743 26.23 37.57 0.2151 
f0.2_d34_507449 24.7 36.94 0.2038 
f0.2_d34_554841 24.65 37.83 0.2123 
f0.2_d34_294478 24.8 38.23 0.2069 
f0.2_d34_123674 23.37 37.38 0.21 
f0.2_d34_941926 26.35 37.1 0.2101 
f0.2_d34_413382 24.79 37.36 0.2111 
f0.2_d34_86064 26.67 38.44 0.2114 
f0.2_d34_826013 22.77 37.74 0.2115 
f0.2_d34_367497 25.07 37.31 0.2032 
f0.2_d34_851221 24.08 37.5 0.2158 
f0.2_d34_15738 26.19 38.96 0.2209 
f0.2_d34_119662 26.36 38.82 0.2111 
f0.2_d45_208494 32.31 45.64 0.2154 
f0.2_d45_493844 31.68 44.45 0.2108 
f0.2_d45_944749 30.08 44.5 0.2108 
f0.2_d45_254801 31.88 45.33 0.2081 
f0.2_d45_831824 32.78 47.09 0.2121 
f0.2_d45_362912 34.97 45.56 0.216 
f0.2_d45_808932 33.28 45.26 0.2185 
f0.2_d45_228640 33.02 46.33 0.2129 
f0.2_d45_144996 33.29 46.23 0.2162 
f0.2_d45_649885 32.74 45.08 0.2094 
f0.2_d45_386705 33.41 44.82 0.212 
f0.2_d45_811208 34.89 47.12 0.213 
f0.2_d45_551857 31.2 45.04 0.2083 
f0.2_d45_198170 34.21 45.52 0.2098 
f0.2_d45_890140 32.71 45.46 0.2103 
f0.2_d45_947926 31.14 45.63 0.2162 
f0.2_d45_885989 32.15 45.2 0.2129 
f0.2_d45_124243 31.64 45.52 0.2065 
f0.2_d45_882177 30.73 45.28 0.2195 
f0.2_d45_51852 33.4 46.05 0.2059 
f0.2_d45_2096 32.15 45.05 0.2095 
f0.2_d45_409624 32.47 45.24 0.2187 
f0.2_d45_916931 31.58 44.19 0.2163 
f0.2_d45_273728 32.6 44.59 0.2131 
f0.2_d45_395133 31.59 44.28 0.2102 
f0.2_d45_927625 31.9 45.19 0.2144 
f0.2_d45_14090 32.47 44.37 0.214 
f0.2_d45_698889 31.69 45.18 0.2057 
f0.2_d45_688678 31.5 44.68 0.2118 
f0.2_d45_525661 30.78 43.64 0.2153 
f0.2_d45_937952 31.77 46.08 0.2209 
f0.2_d45_265349 31.25 45.84 0.2159 
f0.2_d45_831813 35.18 46.06 0.2118 
f0.2_d45_523313 30.38 45.38 0.2045 
f0.2_d45_781971 31.77 44.63 0.2087 
f0.2_d45_835082 31.87 45.37 0.216 
f0.2_d45_223916 32.66 45.29 0.2128 
f0.2_d45_975182 34.29 44.76 0.2084 
f0.2_d45_600464 33.62 45.58 0.2143 
f0.2_d45_896170 32.49 45.74 0.2114 
f0.2_d45_122226 33.94 47.59 0.2098 
f0.2_d45_800452 32.94 44.98 0.2018 
f0.2_d45_722224 33.06 46.74 0.2143 
f0.2_d45_869453 33.3 46.42 0.2113 
f0.2_d45_118056 31.77 44.62 0.2097 
f0.2_d45_309603 33.74 45.28 0.21 
f0.2_d45_427907 31.52 45.45 0.2029 
f0.2_d45_104123 30.49 45.36 0.2169 
f0.2_d45_400833 34.39 46.67 0.2166 
f0.2_d45_634889 32.05 46.27 0.2142 
f0.2_d45_798435 33.61 44.58 0.2069 
f0.2_d45_796933 31.37 44.69 0.208 
f0.2_d45_964281 31.88 46.83 0.2043 
f0.2_d45_562882 32.38 45.4 0.2051 
f0.2_d45_981760 31.79 45.75 0.2103 
f0.2_d45_237957 31.78 45.02 0.2175 
f0.2_d45_209588 33.34 45.12 0.2089 
f0.2_d45_728681 32.42 46.62 0.2111 
f0.2_d45_296417 32.92 44.96 0.2086 
f0.2_d45_748867 30.97 43.48 0.2101 
f0.2_d45_262554 32.27 45.25 0.2101 
f0.2_d45_209126 31.09 44.59 0.2088 
f0.2_d45_42256 33.6 45.54 0.2015 
f0.2_d45_387886 34.02 45.79 0.2103 
f0.2_d45_380573 34.3 46.1 0.2145 
f0.2_d45_762605 30.15 45.48 0.2141 
f0.2_d45_619160 32.42 46.24 0.2122 
f0.35_d23_27153 20.89 31.07 0.2057 
f0.35_d23_556303 19.99 30.65 0.2158 
f0.35_d23_818158 19.32 31.11 0.2187 
f0.35_d23_606964 20.87 31.22 0.2017 
f0.35_d23_600639 21.24 31.43 0.2113 
f0.35_d23_12568 19.49 30.83 0.2093 
f0.35_d23_684872 17.39 30.05 0.2107 
f0.35_d23_798218 18.31 30.07 0.2032 
f0.35_d23_637867 21.87 33.07 0.2077 
f0.35_d23_628455 19.24 32.08 0.2124 
f0.35_d23_359792 18.07 30.25 0.2 
f0.35_d23_541338 18.0 30.82 0.2131 
f0.35_d23_104200 19.57 31.13 0.2047 
f0.35_d23_918174 20.17 31.34 0.2103 
f0.35_d23_963081 20.6 30.48 0.2101 
f0.35_d23_346551 20.21 30.86 0.192 
f0.35_d23_408294 21.26 31.76 0.2117 
f0.35_d23_893960 20.81 30.07 0.2015 
f0.35_d23_256644 19.92 31.59 0.2147 
f0.35_d23_372942 16.71 30.04 0.1996 
f0.35_d23_978467 18.19 29.96 0.2065 
f0.35_d23_397239 21.61 30.72 0.2049 
f0.35_d23_217719 19.59 31.16 0.1977 
f0.35_d23_851565 21.39 31.62 0.2129 
f0.35_d23_535429 19.58 29.88 0.2023 
f0.35_d23_400888 20.98 30.84 0.2053 
f0.35_d23_642229 20.5 32.54 0.2102 
f0.35_d23_898684 22.83 32.75 0.2135 
f0.35_d23_944392 18.94 30.19 0.2051 
f0.35_d23_302069 19.62 31.45 0.2041 
f0.35_d23_386117 20.24 31.29 0.1972 
f0.35_d23_671282 20.36 31.67 0.2053 
f0.35_d23_80990 21.27 31.87 0.2134 
f0.35_d23_621049 18.81 31.67 0.212 
f0.35_d23_260904 20.72 32.15 0.2068 
f0.35_d23_146035 17.26 28.98 0.1952 
f0.35_d23_365825 22.0 30.69 0.2091 
f0.35_d23_418492 17.13 30.34 0.2037 
f0.35_d23_549045 19.94 30.12 0.207 
f0.35_d23_418277 16.98 31.27 0.2074 
f0.35_d23_125054 16.63 29.52 0.2096 
f0.35_d23_147464 18.76 30.57 0.2013 
f0.35_d23_317037 19.77 29.92 0.2043 
f0.35_d23_37597 21.72 32.09 0.2096 
f0.35_d23_709982 19.28 31.59 0.2075 
f0.35_d23_888812 22.08 30.45 0.2102 
f0.35_d23_586082 20.01 32.15 0.2128 
f0.35_d23_216148 20.09 31.6 0.2136 
f0.35_d23_815260 19.05 30.35 0.2181 
f0.35_d23_976751 20.4 30.61 0.1942 
f0.35_d23_458102 21.05 31.6 0.2038 
f0.35_d23_706502 21.87 31.61 0.2038 
f0.35_d23_500084 17.35 29.79 0.2095 
f0.35_d23_581298 21.5 32.32 0.2123 
f0.35_d23_465305 21.42 31.8 0.205 
f0.35_d23_703498 20.17 32.48 0.2107 
f0.35_d23_470241 19.89 31.17 0.2079 
f0.35_d23_783603 17.77 29.66 0.2018 
f0.35_d23_570435 17.96 30.38 0.2045 
f0.35_d23_783250 21.23 31.09 0.2202 
f0.35_d23_484506 20.3 30.24 0.1988 
f0.35_d23_630043 20.76 30.85 0.2124 
f0.35_d23_977912 19.03 30.62 0.2106 
f0.35_d23_1015 19.7 30.63 0.2074 
f0.35_d23_788976 18.75 29.71 0.2066 
f0.35_d23_795421 20.52 30.26 0.2002 
f0.35_d23_9747 21.7 30.0 0.2101 
f0.35_d34_610971 27.53 39.72 0.2167 
f0.35_d34_983278 27.39 39.6 0.2193 
f0.35_d34_746744 24.25 38.36 0.2202 
f0.35_d34_671687 26.68 38.78 0.2141 
f0.35_d34_528067 27.06 40.99 0.2239 
f0.35_d34_571329 26.63 39.37 0.2168 
f0.35_d34_376035 27.26 39.46 0.2159 
f0.35_d34_236190 27.06 39.01 0.2208 
f0.35_d34_329459 25.75 39.05 0.2162 
f0.35_d34_599015 25.72 36.76 0.2148 
f0.35_d34_743847 26.51 38.84 0.22 
f0.35_d34_191851 24.6 38.22 0.211 
f0.35_d34_465775 26.08 39.18 0.2194 
f0.35_d34_734188 28.57 39.37 0.2203 
f0.35_d34_654299 27.2 39.37 0.2236 
f0.35_d34_270790 26.92 38.87 0.2229 
f0.35_d34_769589 27.22 39.57 0.2109 
f0.35_d34_636940 28.87 39.85 0.2116 
f0.35_d34_445357 27.08 38.4 0.215 
f0.35_d34_299354 25.91 38.5 0.2096 
f0.35_d34_857330 26.49 38.75 0.2205 
f0.35_d34_902738 26.21 37.35 0.2149 
f0.35_d34_111796 25.24 38.15 0.2234 
f0.35_d34_366224 29.82 40.36 0.2211 
f0.35_d34_584056 27.59 39.47 0.217 
f0.35_d34_594242 27.96 38.56 0.2213 
f0.35_d34_35054 23.96 38.01 0.2174 
f0.35_d34_383286 26.86 41.06 0.2211 
f0.35_d34_878690 27.1 38.71 0.2159 
f0.35_d34_937916 26.61 40.09 0.223 
f0.35_d34_573014 25.35 39.43 0.2185 
f0.35_d34_964874 27.35 39.21 0.2149 
f0.35_d34_587251 28.31 38.81 0.2182 
f0.35_d34_297784 26.67 39.43 0.2141 
f0.35_d34_280493 27.39 38.73 0.2156 
f0.35_d34_824068 24.75 38.03 0.2088 
f0.35_d34_682875 27.41 38.97 0.223 
f0.35_d34_395706 26.83 38.44 0.2178 
f0.35_d34_838186 27.07 38.29 0.2179 
f0.35_d34_318429 27.68 38.45 0.2116 
f0.35_d34_662046 25.52 38.61 0.2196 
f0.35_d34_589650 28.13 38.79 0.2233 
f0.35_d34_283658 28.28 40.63 0.22 
f0.35_d34_44221 29.87 41.37 0.2191 
f0.35_d34_551172 25.95 38.48 0.2146 
f0.35_d34_368997 28.79 39.99 0.2191 
f0.35_d34_219210 25.53 39.63 0.2161 
f0.35_d34_659258 25.86 38.74 0.2165 
f0.35_d34_115048 27.79 40.28 0.2221 
f0.35_d34_238933 29.9 39.34 0.2141 
f0.35_d34_314981 29.6 41.04 0.2279 
f0.35_d34_618758 28.93 40.39 0.2229 
f0.35_d34_181833 26.74 38.08 0.2224 
f0.35_d34_938093 27.59 39.69 0.2126 
f0.35_d34_810330 26.7 39.43 0.2162 
f0.35_d34_771157 26.29 38.72 0.2092 
f0.35_d34_258177 27.95 40.67 0.2221 
f0.35_d34_601849 27.1 38.22 0.2137 
f0.35_d34_786305 27.56 38.45 0.2131 
f0.35_d34_552662 27.31 39.88 0.215 
f0.35_d34_921211 26.9 38.46 0.2131 
f0.35_d34_228387 27.08 39.18 0.2238 
f0.35_d34_874250 26.0 37.44 0.2123 
f0.35_d34_150069 25.91 38.73 0.2172 
f0.35_d34_180166 26.87 39.16 0.2165 
f0.35_d34_352178 25.96 39.11 0.2209 
f0.35_d34_777325 28.16 39.7 0.2247 
f0.35_d45_906197 35.32 46.16 0.2093 
f0.35_d45_377401 35.26 46.83 0.2113 
f0.35_d45_549634 31.07 44.86 0.2173 
f0.35_d45_49267 34.63 47.89 0.217 
f0.35_d45_287880 35.21 46.63 0.2217 
f0.35_d45_599598 35.86 47.94 0.2195 
f0.35_d45_465097 35.08 46.81 0.2124 
f0.35_d45_495078 36.04 47.57 0.2133 
f0.35_d45_71925 31.82 44.21 0.2122 
f0.35_d45_23934 34.07 46.51 0.215 
f0.35_d45_298702 32.97 47.48 0.2157 
f0.35_d45_83520 33.18 46.6 0.2154 
f0.35_d45_34335 36.1 47.72 0.2095 
f0.35_d45_459489 32.99 46.42 0.2152 
f0.35_d45_691079 34.58 46.81 0.2129 
f0.35_d45_584955 36.23 47.2 0.2119 
f0.35_d45_134658 32.8 46.48 0.2142 
f0.35_d45_184265 34.25 47.81 0.2075 
f0.35_d45_8681 31.81 45.76 0.2195 
f0.35_d45_769568 35.39 46.02 0.2108 
f0.35_d45_590888 35.66 48.03 0.2238 
f0.35_d45_201581 37.16 49.33 0.2225 
f0.35_d45_236343 33.77 46.64 0.2231 
f0.35_d45_671928 33.67 47.94 0.2219 
f0.35_d45_592149 35.58 48.1 0.2169 
f0.35_d45_297295 36.48 47.53 0.2075 
f0.35_d45_404853 35.59 47.63 0.2183 
f0.35_d45_571878 35.61 47.74 0.2192 
f0.35_d45_35833 33.12 47.12 0.221 
f0.35_d45_267221 34.37 46.45 0.2139 
f0.35_d45_680254 33.22 46.43 0.2199 
f0.35_d45_405371 32.78 46.02 0.2183 
f0.35_d45_315758 32.58 47.27 0.2232 
f0.35_d45_451601 35.41 47.45 0.2212 
f0.35_d45_757159 35.36 47.19 0.2198 
f0.35_d45_392584 34.86 47.09 0.213 
f0.35_d45_874890 32.06 46.88 0.2195 
f0.35_d45_181817 36.34 47.16 0.2144 
f0.35_d45_258341 35.31 47.95 0.2207 
f0.35_d45_322780 35.1 47.14 0.2133 
f0.35_d45_639707 31.36 45.45 0.2226 
f0.35_d45_831807 33.46 46.55 0.2274 
f0.35_d45_146822 34.39 47.29 0.2187 
f0.35_d45_230284 36.36 47.27 0.2153 
f0.35_d45_785181 31.79 47.25 0.2284 
f0.35_d45_392477 33.26 47.21 0.2208 
f0.35_d45_229247 36.88 48.72 0.2206 
f0.35_d45_760676 32.5 45.67 0.214 
f0.35_d45_381278 35.02 47.28 0.2163 
f0.35_d45_773522 31.73 45.99 0.212 
f0.35_d45_74660 30.7 45.93 0.2138 
f0.35_d45_739883 35.84 47.6 0.2142 
f0.35_d45_454114 34.32 48.07 0.2151 
f0.35_d45_908861 33.77 47.16 0.2133 
f0.35_d45_511941 35.58 46.97 0.2119 
f0.35_d45_711561 31.91 47.27 0.2153 
f0.35_d45_272530 32.81 44.83 0.2162 
f0.35_d45_427167 34.88 46.78 0.2138 
f0.35_d45_438637 35.95 47.37 0.2106 
f0.35_d45_39273 33.87 45.85 0.2137 
f0.35_d45_40982 34.38 47.15 0.2207 
f0.35_d45_981062 34.09 45.43 0.217 
f0.35_d45_461055 36.33 48.38 0.2104 
f0.35_d45_772889 34.81 47.07 0.2212 
f0.35_d45_985264 33.05 46.2 0.2207 
f0.35_d45_731048 34.7 47.39 0.2126 
f0.35_d45_470759 35.66 47.46 0.2248 
f0.5_d23_607866 19.29 31.69 0.2157 
f0.5_d23_527946 20.42 30.92 0.2134 
f0.5_d23_814954 21.27 31.35 0.2049 
f0.5_d23_195847 20.3 32.28 0.2198 
f0.5_d23_186889 22.25 32.42 0.2237 
f0.5_d23_565842 17.54 29.35 0.2108 
f0.5_d23_816294 21.45 31.76 0.2107 
f0.5_d23_224874 22.02 31.83 0.2128 
f0.5_d23_109692 20.91 32.16 0.213 
f0.5_d23_78148 24.13 33.25 0.2213 
f0.5_d23_836894 22.44 32.65 0.2125 
f0.5_d23_279463 20.73 31.83 0.2055 
f0.5_d23_172012 19.56 31.02 0.2151 
f0.5_d23_254615 19.58 30.91 0.212 
f0.5_d23_357386 22.63 31.83 0.2135 
f0.5_d23_769734 20.15 32.47 0.2197 
f0.5_d23_41222 20.41 31.7 0.2093 
f0.5_d23_239524 21.0 30.33 0.2172 
f0.5_d23_463372 23.12 33.32 0.218 
f0.5_d23_990164 21.27 32.53 0.21 
f0.5_d23_864584 22.24 32.0 0.2221 
f0.5_d23_684748 22.67 32.19 0.2161 
f0.5_d23_600752 21.04 31.2 0.2191 
f0.5_d23_137133 18.89 31.63 0.2038 
f0.5_d23_432984 21.03 31.73 0.2139 
f0.5_d23_759137 20.68 32.13 0.2177 
f0.5_d23_616752 23.03 33.12 0.2202 
f0.5_d23_539431 19.68 30.33 0.2081 
f0.5_d23_172804 18.75 31.18 0.2138 
f0.5_d23_7490 20.51 32.34 0.2177 
f0.5_d23_559613 21.47 31.45 0.2137 
f0.5_d23_41307 20.2 31.56 0.2148 
f0.5_d23_16383 22.06 31.94 0.2109 
f0.5_d23_13698 21.16 31.32 0.2083 
f0.5_d23_405420 17.36 29.71 0.2042 
f0.5_d23_839796 21.22 31.93 0.2191 
f0.5_d23_285659 18.41 32.11 0.2095 
f0.5_d23_277861 19.6 30.93 0.2075 
f0.5_d23_917758 20.74 32.64 0.216 
f0.5_d23_371960 20.81 30.3 0.221 
f0.5_d23_620583 23.86 33.5 0.221 
f0.5_d23_613070 21.29 31.61 0.2178 
f0.5_d23_639730 18.32 29.54 0.2084 
f0.5_d23_668857 19.35 30.24 0.1998 
f0.5_d23_830352 19.69 30.77 0.1995 
f0.5_d23_691901 19.99 31.6 0.2125 
f0.5_d23_495310 19.78 31.17 0.2145 
f0.5_d23_383338 20.01 31.95 0.2178 
f0.5_d23_388955 21.4 31.61 0.2123 
f0.5_d23_535728 21.59 31.92 0.2137 
f0.5_d23_139994 19.13 31.4 0.2164 
f0.5_d23_544057 18.66 30.75 0.2098 
f0.5_d23_331779 18.78 30.36 0.2073 
f0.5_d23_176711 22.75 31.39 0.2124 
f0.5_d23_191352 21.65 32.72 0.2105 
f0.5_d23_360752 20.93 31.99 0.212 
f0.5_d23_917478 21.91 31.8 0.2058 
f0.5_d23_300024 20.54 32.48 0.2137 
f0.5_d23_653734 19.01 31.65 0.2043 
f0.5_d23_354031 21.5 33.39 0.223 
f0.5_d23_356851 19.44 32.02 0.217 
f0.5_d23_354634 20.22 31.62 0.2074 
f0.5_d23_742937 21.55 31.46 0.2125 
f0.5_d23_460213 20.32 31.39 0.2194 
f0.5_d23_316895 19.97 29.64 0.2111 
f0.5_d23_313252 21.66 32.89 0.2155 
f0.5_d23_468208 23.9 32.25 0.2097 
f0.5_d34_543826 27.62 39.16 0.2191 
f0.5_d34_342926 28.12 40.83 0.2194 
f0.5_d34_72794 28.75 38.97 0.2217 
f0.5_d34_601145 29.61 39.49 0.2198 
f0.5_d34_120240 27.36 39.18 0.2189 
f0.5_d34_432691 26.48 39.4 0.2208 
f0.5_d34_42500 29.69 39.72 0.2267 
f0.5_d34_836978 27.56 39.73 0.2201 
f0.5_d34_825571 29.86 41.76 0.2289 
f0.5_d34_665177 29.55 38.96 0.2172 
f0.5_d34_227197 30.34 39.58 0.2198 
f0.5_d34_738468 25.75 38.4 0.2168 
f0.5_d34_999904 31.71 41.47 0.2192 
f0.5_d34_893126 29.55 40.49 0.2258 
f0.5_d34_198898 28.54 40.86 0.218 
f0.5_d34_378544 26.54 40.53 0.2222 
f0.5_d34_675864 27.9 40.75 0.2255 
f0.5_d34_797614 28.07 39.23 0.2236 
f0.5_d34_952321 26.58 39.58 0.2129 
f0.5_d34_237747 26.21 39.71 0.2182 
f0.5_d34_698032 31.95 41.66 0.2253 
f0.5_d34_751099 27.96 39.37 0.2196 
f0.5_d34_998677 28.84 39.78 0.2187 
f0.5_d34_766182 27.48 38.74 0.2249 
f0.5_d34_963947 26.2 38.16 0.2191 
f0.5_d34_54167 27.39 39.42 0.2234 
f0.5_d34_859588 30.0 40.28 0.2167 
f0.5_d34_792912 30.43 41.34 0.2214 
f0.5_d34_529230 30.26 39.82 0.2173 
f0.5_d34_775397 29.09 40.61 0.2257 
f0.5_d34_547156 29.15 40.91 0.2226 
f0.5_d34_413870 28.05 40.44 0.218 
f0.5_d34_210658 27.83 40.48 0.2213 
f0.5_d34_168129 27.55 40.63 0.2266 
f0.5_d34_746852 29.96 40.74 0.2298 
f0.5_d34_679600 28.88 41.56 0.2282 
f0.5_d34_326083 28.42 40.62 0.2122 
f0.5_d34_462334 28.07 39.51 0.2178 
f0.5_d34_55819 29.67 39.44 0.2193 
f0.5_d34_668348 28.39 40.33 0.2214 
f0.5_d34_718851 30.25 40.9 0.2193 
f0.5_d34_22744 28.03 40.31 0.2205 
f0.5_d34_722523 26.24 39.15 0.2102 
f0.5_d34_838574 29.94 41.74 0.2185 
f0.5_d34_473303 29.07 40.02 0.2185 
f0.5_d34_898296 29.6 41.04 0.218 
f0.5_d34_255318 24.71 37.55 0.2171 
f0.5_d34_577343 27.0 39.54 0.2212 
f0.5_d34_729669 27.59 40.03 0.2248 
f0.5_d34_620306 29.73 40.49 0.2268 
f0.5_d34_366573 29.22 40.32 0.2289 
f0.5_d34_143004 26.67 39.28 0.2242 
f0.5_d34_64297 26.43 39.7 0.2148 
f0.5_d34_545613 28.9 40.11 0.2229 
f0.5_d34_183960 29.77 39.58 0.2124 
f0.5_d34_382071 29.04 41.12 0.2202 
f0.5_d34_553019 32.44 41.96 0.2179 
f0.5_d34_643750 28.55 40.18 0.2223 
f0.5_d34_818251 28.11 40.33 0.2199 
f0.5_d34_16371 30.76 40.58 0.2222 
f0.5_d34_214653 30.32 40.3 0.2145 
f0.5_d34_234238 32.57 41.83 0.2192 
f0.5_d34_260179 27.25 40.19 0.2177 
f0.5_d34_590481 27.91 40.62 0.2263 
f0.5_d34_575602 27.9 39.74 0.2258 
f0.5_d34_87507 27.45 38.65 0.2168 
f0.5_d34_253074 28.82 38.72 0.2225 
f0.5_d45_741324 37.6 50.25 0.2231 
f0.5_d45_500735 34.92 48.15 0.2215 
f0.5_d45_183604 35.22 48.38 0.2275 
f0.5_d45_673064 35.76 48.8 0.2275 
f0.5_d45_452950 37.22 49.9 0.2192 
f0.5_d45_517569 35.48 46.49 0.2215 
f0.5_d45_565306 35.47 48.53 0.2196 
f0.5_d45_340319 34.11 47.35 0.2253 
f0.5_d45_806723 35.96 49.26 0.2282 
f0.5_d45_195785 36.31 49.67 0.2216 
f0.5_d45_673134 34.95 48.69 0.2245 
f0.5_d45_326623 37.73 49.56 0.2217 
f0.5_d45_42718 39.57 50.51 0.2179 
f0.5_d45_978185 38.71 48.95 0.2209 
f0.5_d45_190966 37.05 49.44 0.2227 
f0.5_d45_924324 35.17 48.54 0.2207 
f0.5_d45_294816 39.04 50.51 0.223 
f0.5_d45_622662 34.38 48.38 0.2191 
f0.5_d45_823023 37.77 49.25 0.2241 
f0.5_d45_585885 38.84 49.12 0.2205 
f0.5_d45_194770 35.85 49.18 0.2272 
f0.5_d45_303183 34.63 47.07 0.2212 
f0.5_d45_880188 35.72 48.73 0.2237 
f0.5_d45_480373 34.54 46.63 0.221 
f0.5_d45_725537 37.83 49.92 0.2235 
f0.5_d45_361310 33.9 48.57 0.2216 
f0.5_d45_272272 34.96 48.72 0.2278 
f0.5_d45_745158 34.85 48.38 0.2214 
f0.5_d45_243523 36.21 49.13 0.2231 
f0.5_d45_60551 37.4 48.42 0.2237 
f0.5_d45_364203 37.38 49.56 0.2218 
f0.5_d45_198143 35.95 49.24 0.2236 
f0.5_d45_523566 35.57 48.8 0.2168 
f0.5_d45_144079 35.37 48.36 0.2183 
f0.5_d45_625054 35.12 48.94 0.2218 
f0.5_d45_84029 35.74 48.49 0.2248 
f0.5_d45_259341 35.73 47.68 0.2189 
f0.5_d45_831590 36.89 49.29 0.2195 
f0.5_d45_935019 37.04 49.18 0.2255 
f0.5_d45_864662 35.89 48.86 0.2246 
f0.5_d45_819159 39.19 49.24 0.222 
f0.5_d45_451148 35.94 48.33 0.22 
f0.5_d45_230621 32.89 47.11 0.215 
f0.5_d45_891730 36.09 49.61 0.2183 
f0.5_d45_510356 37.13 49.69 0.2206 
f0.5_d45_447015 35.11 48.87 0.2261 
f0.5_d45_954268 36.14 47.23 0.2192 
f0.5_d45_151339 36.35 47.93 0.2204 
f0.5_d45_404193 35.71 48.77 0.2282 
f0.5_d45_157124 34.63 48.34 0.2189 
f0.5_d45_556241 38.38 50.1 0.221 
f0.5_d45_388276 35.81 46.9 0.2246 
f0.5_d45_489555 35.0 47.14 0.2229 
f0.5_d45_727558 33.6 48.13 0.2218 
f0.5_d45_509272 36.39 49.78 0.2245 
f0.5_d45_771632 36.11 48.5 0.2265 
f0.5_d45_198924 34.57 48.35 0.2198 
f0.5_d45_479593 34.96 47.32 0.216 
f0.5_d45_646397 35.48 48.85 0.2209 
f0.5_d45_532465 35.54 47.05 0.2287 
f0.5_d45_394785 38.34 48.95 0.2218 
f0.5_d45_126806 38.13 50.05 0.2157 
f0.5_d45_500792 35.75 49.35 0.2176 
f0.5_d45_107330 34.68 48.39 0.2184 
f0.5_d45_690751 35.42 48.38 0.2235 
f0.5_d45_469674 37.8 50.02 0.2201 
f0.5_d45_780681 38.22 49.15 0.2258 
f0.65_d23_137093 21.47 30.69 0.2167 
f0.65_d23_125980 20.98 32.61 0.2087 
f0.65_d23_620539 21.15 32.33 0.221 
f0.65_d23_944749 18.21 30.44 0.2115 
f0.65_d23_811966 23.6 33.57 0.2148 
f0.65_d23_300089 23.05 33.5 0.2237 
f0.65_d23_281001 23.68 33.48 0.2122 
f0.65_d23_937562 23.11 32.85 0.2149 
f0.65_d23_911271 23.12 31.98 0.2173 
f0.65_d23_120084 22.6 32.32 0.2173 
f0.65_d23_214510 24.67 34.85 0.2205 
f0.65_d23_222168 23.84 33.81 0.2152 
f0.65_d23_817070 20.59 32.73 0.2229 
f0.65_d23_41925 23.36 33.73 0.2175 
f0.65_d23_164564 20.71 32.46 0.2091 
f0.65_d23_218579 21.6 32.79 0.2169 
f0.65_d23_862648 24.21 35.47 0.2224 
f0.65_d23_595666 20.61 31.8 0.2222 
f0.65_d23_570147 23.09 31.42 0.2137 
f0.65_d23_314812 20.18 32.06 0.2161 
f0.65_d23_828297 21.21 31.87 0.2158 
f0.65_d23_982828 21.32 31.77 0.2154 
f0.65_d23_826584 19.73 32.62 0.2173 
f0.65_d23_976284 19.68 31.13 0.2163 
f0.65_d23_12072 20.72 31.77 0.2158 
f0.65_d23_333199 23.44 33.54 0.2132 
f0.65_d23_54295 20.16 32.84 0.2211 
f0.65_d23_803995 25.08 32.95 0.2117 
f0.65_d23_28849 20.7 32.12 0.211 
f0.65_d23_388848 20.48 33.16 0.2192 
f0.65_d23_989659 24.1 31.82 0.2122 
f0.65_d23_895562 20.87 32.55 0.214 
f0.65_d23_153215 20.67 31.76 0.2122 
f0.65_d23_166531 21.88 33.54 0.2113 
f0.65_d23_965282 22.42 32.32 0.2151 
f0.65_d23_335889 20.07 30.88 0.2123 
f0.65_d23_177546 21.65 32.95 0.2244 
f0.65_d23_92664 21.21 32.47 0.2221 
f0.65_d23_10571 22.64 31.42 0.2143 
f0.65_d23_20612 20.82 32.98 0.2166 
f0.65_d23_535811 21.6 33.24 0.2146 
f0.65_d23_623698 21.86 32.22 0.2077 
f0.65_d23_678717 21.08 31.58 0.214 
f0.65_d23_504608 20.84 31.62 0.21 
f0.65_d23_121538 21.1 32.01 0.2089 
f0.65_d23_460934 20.56 32.26 0.2127 
f0.65_d23_333250 21.57 31.53 0.213 
f0.65_d23_427112 21.06 32.98 0.2111 
f0.65_d23_656110 21.47 32.3 0.2241 
f0.65_d23_454666 23.86 33.04 0.2109 
f0.65_d23_437115 22.78 33.54 0.2091 
f0.65_d23_477156 22.97 32.44 0.2198 
f0.65_d23_436780 21.28 31.63 0.2123 
f0.65_d23_612383 20.15 30.83 0.2107 
f0.65_d23_884492 22.48 33.34 0.2205 
f0.65_d23_543425 23.09 32.47 0.2144 
f0.65_d23_731267 19.69 31.23 0.2129 
f0.65_d23_542305 20.06 31.72 0.2095 
f0.65_d23_112806 20.68 31.06 0.2059 
f0.65_d23_675975 20.8 31.24 0.2071 
f0.65_d23_917443 20.91 32.08 0.226 
f0.65_d23_761334 20.74 31.79 0.2124 
f0.65_d23_857780 22.47 33.96 0.2142 
f0.65_d23_628379 24.32 33.46 0.2201 
f0.65_d23_532951 25.36 33.44 0.2165 
f0.65_d23_544595 23.14 33.8 0.2175 
f0.65_d23_179499 21.29 31.82 0.2125 
f0.65_d34_179315 29.08 41.84 0.2209 
f0.65_d34_585414 30.36 40.28 0.2259 
f0.65_d34_912002 32.45 42.34 0.2218 
f0.65_d34_564905 30.52 40.72 0.221 
f0.65_d34_246485 30.37 42.5 0.2273 
f0.65_d34_309513 30.34 41.54 0.217 
f0.65_d34_508940 29.13 41.93 0.2259 
f0.65_d34_769456 28.04 38.89 0.2224 
f0.65_d34_315301 30.64 41.68 0.2267 
f0.65_d34_963687 30.78 42.61 0.2213 
f0.65_d34_227718 32.38 42.12 0.2265 
f0.65_d34_582018 29.44 41.43 0.2228 
f0.65_d34_439040 29.84 40.88 0.221 
f0.65_d34_770129 28.85 42.01 0.2183 
f0.65_d34_927574 29.24 41.46 0.22 
f0.65_d34_557291 30.75 42.14 0.2198 
f0.65_d34_162573 31.76 42.0 0.2227 
f0.65_d34_460546 30.09 41.83 0.2236 
f0.65_d34_660501 29.71 41.72 0.2265 
f0.65_d34_473993 30.17 40.66 0.229 
f0.65_d34_615228 27.22 41.55 0.2209 
f0.65_d34_903594 30.25 41.33 0.2257 
f0.65_d34_312655 30.29 41.65 0.2295 
f0.65_d34_67926 30.84 41.29 0.2187 
f0.65_d34_317408 29.25 40.4 0.2212 
f0.65_d34_611745 31.72 41.51 0.2225 
f0.65_d34_188891 30.55 41.13 0.2234 
f0.65_d34_73117 31.29 42.74 0.2267 
f0.65_d34_908733 32.48 44.09 0.2295 
f0.65_d34_303998 28.34 40.37 0.2208 
f0.65_d34_970945 31.27 42.54 0.2243 
f0.65_d34_94095 29.13 42.79 0.228 
f0.65_d34_941631 29.36 41.72 0.2294 
f0.65_d34_28397 27.85 41.05 0.2229 
f0.65_d34_182467 29.02 40.94 0.2162 
f0.65_d34_762121 29.93 40.21 0.2211 
f0.65_d34_969787 28.07 40.83 0.2192 
f0.65_d34_220413 29.19 41.15 0.2236 
f0.65_d34_71277 31.74 42.01 0.2187 
f0.65_d34_620773 27.73 41.29 0.2182 
f0.65_d34_192976 30.19 40.73 0.2243 
f0.65_d34_487672 30.33 43.33 0.2226 
f0.65_d34_219337 30.34 42.11 0.2207 
f0.65_d34_432889 28.84 41.12 0.2196 
f0.65_d34_442370 30.66 42.6 0.2319 
f0.65_d34_777509 28.75 41.91 0.2192 
f0.65_d34_79121 31.2 42.89 0.2232 
f0.65_d34_676154 30.26 41.38 0.2204 
f0.65_d34_561676 30.65 41.96 0.2238 
f0.65_d34_980200 29.88 42.2 0.2216 
f0.65_d34_640132 32.55 42.1 0.2248 
f0.65_d34_567911 26.85 40.02 0.2178 
f0.65_d34_223991 29.99 41.49 0.2293 
f0.65_d34_316681 29.21 40.47 0.2174 
f0.65_d34_311750 30.74 40.1 0.2266 
f0.65_d34_38515 31.03 41.53 0.2241 
f0.65_d34_567535 32.23 42.91 0.2231 
f0.65_d34_597793 28.42 41.29 0.2256 
f0.65_d34_652222 30.77 41.54 0.2217 
f0.65_d34_751696 30.11 42.15 0.2299 
f0.65_d34_162883 31.31 41.82 0.2299 
f0.65_d34_244591 29.95 41.64 0.2296 
f0.65_d34_494303 26.86 39.81 0.2244 
f0.65_d34_172225 29.64 41.97 0.2249 
f0.65_d34_802993 29.68 41.0 0.2223 
f0.65_d34_176622 30.54 40.41 0.219 
f0.65_d34_591375 27.87 40.18 0.2258 
f0.65_d45_70317 37.69 49.64 0.232 
f0.65_d45_580666 40.07 49.61 0.2164 
f0.65_d45_845213 38.97 49.46 0.2187 
f0.65_d45_833302 37.25 49.5 0.2248 
f0.65_d45_354166 39.08 48.91 0.225 
f0.65_d45_302597 39.95 51.75 0.2245 
f0.65_d45_405043 39.04 50.48 0.2261 
f0.65_d45_711100 36.42 51.84 0.2319 
f0.65_d45_803536 35.17 48.7 0.2289 
f0.65_d45_838825 37.19 49.87 0.2259 
f0.65_d45_169794 41.36 50.59 0.2209 
f0.65_d45_874203 37.8 48.92 0.2251 
f0.65_d45_414727 36.06 49.58 0.2191 
f0.65_d45_473836 40.07 49.16 0.2251 
f0.65_d45_409212 37.49 50.36 0.2196 
f0.65_d45_350736 42.0 52.29 0.2204 
f0.65_d45_734037 38.22 50.83 0.2242 
f0.65_d45_812236 39.39 49.95 0.222 
f0.65_d45_816637 36.67 48.33 0.222 
f0.65_d45_30362 40.34 51.58 0.2202 
f0.65_d45_973188 36.66 50.06 0.2226 
f0.65_d45_366516 36.22 49.04 0.2265 
f0.65_d45_807626 38.67 50.42 0.2224 
f0.65_d45_878950 37.44 50.11 0.226 
f0.65_d45_324575 40.01 50.17 0.2278 
f0.65_d45_318577 38.38 50.93 0.223 
f0.65_d45_242968 37.94 50.1 0.2308 
f0.65_d45_824626 41.55 51.83 0.2183 
f0.65_d45_470620 38.79 50.63 0.2252 
f0.65_d45_376389 38.28 48.98 0.2251 
f0.65_d45_671873 40.95 50.22 0.2184 
f0.65_d45_609631 38.56 49.46 0.226 
f0.65_d45_326228 38.41 49.16 0.2308 
f0.65_d45_652331 38.47 49.47 0.222 
f0.65_d45_39966 40.09 51.43 0.2193 
f0.65_d45_262009 37.52 50.32 0.2177 
f0.65_d45_510216 40.01 51.08 0.2224 
f0.65_d45_445734 40.18 51.46 0.2218 
f0.65_d45_755458 38.01 50.23 0.2207 
f0.65_d45_761590 39.28 50.81 0.2254 
f0.65_d45_528027 37.31 50.43 0.219 
f0.65_d45_468795 39.24 51.37 0.2184 
f0.65_d45_814539 39.45 50.34 0.2202 
f0.65_d45_873526 39.33 49.58 0.2189 
f0.65_d45_269685 39.03 50.11 0.2161 
f0.65_d45_7516 34.77 49.54 0.2231 
f0.65_d45_964745 37.18 49.11 0.2208 
f0.65_d45_313146 38.03 49.91 0.2305 
f0.65_d45_228494 36.69 51.4 0.2202 
f0.65_d45_452200 39.99 50.26 0.2269 
f0.65_d45_656433 36.56 48.36 0.2247 
f0.65_d45_752502 37.83 50.18 0.2185 
f0.65_d45_204232 38.64 50.9 0.2256 
f0.65_d45_122372 38.08 50.22 0.2304 
f0.65_d45_679667 39.34 51.08 0.23 
f0.65_d45_213713 38.83 50.36 0.2225 
f0.65_d45_444140 39.94 50.98 0.2186 
f0.65_d45_597097 38.76 50.37 0.2202 
f0.65_d45_742048 37.95 51.11 0.2302 
f0.65_d45_648501 35.91 48.42 0.2285 
f0.65_d45_653503 36.63 48.29 0.2271 
f0.65_d45_638115 38.35 50.2 0.2222 
f0.65_d45_729881 40.03 50.62 0.2256 
f0.65_d45_3906 37.46 50.53 0.2183 
f0.65_d45_963606 39.65 49.42 0.2165 
f0.65_d45_674257 39.91 50.78 0.2251 
f0.65_d45_699229 39.63 50.16 0.2174 
f0.8_d23_653022 24.1 33.81 0.2195 
f0.8_d23_930143 22.01 34.46 0.2161 
f0.8_d23_968418 23.17 31.83 0.2173 
f0.8_d23_747625 24.09 33.79 0.2206 
f0.8_d23_325141 21.59 34.19 0.2179 
f0.8_d23_904566 24.03 34.23 0.2229 
f0.8_d23_221152 22.94 33.36 0.216 
f0.8_d23_828436 22.8 34.4 0.2194 
f0.8_d23_821371 23.61 34.83 0.2201 
f0.8_d23_869337 22.41 32.85 0.218 
f0.8_d23_249041 24.72 33.42 0.2105 
f0.8_d23_816892 21.97 32.27 0.2192 
f0.8_d23_795031 24.25 34.17 0.2185 
f0.8_d23_978531 21.47 33.2 0.2207 
f0.8_d23_58643 24.51 33.42 0.2131 
f0.8_d23_820976 21.89 33.82 0.2226 
f0.8_d23_294971 23.06 32.47 0.2096 
f0.8_d23_132043 21.49 33.41 0.2194 
f0.8_d23_487822 22.11 34.32 0.2142 
f0.8_d23_707200 24.09 33.63 0.2108 
f0.8_d23_932875 24.69 34.37 0.2215 
f0.8_d23_718970 24.05 34.05 0.2214 
f0.8_d23_278092 21.89 33.25 0.2213 
f0.8_d23_574447 23.53 33.91 0.224 
f0.8_d23_533214 23.39 32.01 0.2181 
f0.8_d23_882888 21.7 34.31 0.2132 
f0.8_d23_64814 23.04 33.67 0.2208 
f0.8_d23_198874 22.61 33.38 0.2194 
f0.8_d23_555704 23.7 33.97 0.2158 
f0.8_d23_951764 25.29 34.27 0.2191 
f0.8_d23_779010 24.58 32.97 0.219 
f0.8_d23_692867 21.51 33.73 0.2228 
f0.8_d23_337151 20.08 32.11 0.2144 
f0.8_d23_754052 23.88 33.85 0.2221 
f0.8_d23_976513 20.7 33.09 0.2194 
f0.8_d23_18775 23.68 33.35 0.2138 
f0.8_d23_152276 19.53 32.0 0.2141 
f0.8_d23_35816 20.65 33.43 0.2166 
f0.8_d23_398489 23.88 34.97 0.2176 
f0.8_d23_951212 22.49 33.53 0.2241 
f0.8_d23_789681 25.94 35.25 0.2224 
f0.8_d23_219859 21.36 32.29 0.2102 
f0.8_d23_908139 21.39 33.45 0.2151 
f0.8_d23_85547 21.33 34.01 0.2146 
f0.8_d23_349780 21.47 32.29 0.2177 
f0.8_d23_680589 24.45 34.81 0.2209 
f0.8_d23_61933 23.35 31.67 0.2144 
f0.8_d23_502428 23.24 32.43 0.2131 
f0.8_d23_18730 21.01 33.47 0.2151 
f0.8_d23_668641 25.77 33.89 0.2189 
f0.8_d23_796533 21.14 32.62 0.2102 
f0.8_d23_569622 24.88 33.04 0.2138 
f0.8_d23_339982 20.58 32.07 0.2165 
f0.8_d23_510602 20.68 33.1 0.2205 
f0.8_d23_837168 23.08 32.95 0.2209 
f0.8_d23_759378 21.92 32.52 0.2128 
f0.8_d23_537244 21.76 33.52 0.2137 
f0.8_d23_552172 23.96 32.57 0.2221 
f0.8_d23_864120 23.22 33.92 0.2145 
f0.8_d23_604494 22.48 33.06 0.2131 
f0.8_d23_435622 21.56 33.5 0.2152 
f0.8_d23_269175 22.73 33.69 0.2176 
f0.8_d23_725368 22.91 32.49 0.2147 
f0.8_d23_163798 23.45 32.91 0.2156 
f0.8_d23_415133 23.74 33.68 0.2117 
f0.8_d23_789769 24.16 33.9 0.2291 
f0.8_d23_720881 25.92 34.39 0.2201 
f0.8_d34_939308 31.42 43.33 0.2226 
f0.8_d34_898098 31.7 43.27 0.2191 
f0.8_d34_950933 30.44 42.32 0.2259 
f0.8_d34_942721 33.06 44.38 0.2256 
f0.8_d34_609241 30.57 41.29 0.2193 
f0.8_d34_807619 31.09 42.58 0.2209 
f0.8_d34_827516 33.95 44.16 0.2237 
f0.8_d34_990524 32.72 44.0 0.2296 
f0.8_d34_345427 31.79 42.81 0.2229 
f0.8_d34_554911 32.61 44.53 0.2235 
f0.8_d34_127095 29.89 42.71 0.2224 
f0.8_d34_186280 29.37 41.22 0.2281 
f0.8_d34_806758 31.9 42.45 0.2228 
f0.8_d34_692213 30.05 42.04 0.2248 
f0.8_d34_389595 29.47 41.3 0.2269 
f0.8_d34_719315 29.26 42.4 0.2244 
f0.8_d34_390030 32.28 42.33 0.226 
f0.8_d34_995199 31.73 42.89 0.2251 
f0.8_d34_234659 33.44 43.33 0.2257 
f0.8_d34_55616 30.95 42.66 0.2249 
f0.8_d34_319417 33.12 42.37 0.2195 
f0.8_d34_553166 35.25 43.73 0.2264 
f0.8_d34_236725 31.88 42.13 0.225 
f0.8_d34_181333 31.52 42.8 0.2248 
f0.8_d34_833562 32.58 42.67 0.2243 
f0.8_d34_254263 31.78 42.4 0.2277 
f0.8_d34_181862 32.57 42.88 0.2263 
f0.8_d34_360932 30.5 42.29 0.2169 
f0.8_d34_106611 31.79 43.04 0.2255 
f0.8_d34_367909 30.72 42.16 0.2292 
f0.8_d34_672622 35.81 44.65 0.2214 
f0.8_d34_356336 33.41 43.32 0.2194 
f0.8_d34_578367 32.71 42.73 0.2259 
f0.8_d34_691058 29.66 43.01 0.2276 
f0.8_d34_58349 31.97 41.86 0.2205 
f0.8_d34_137536 29.76 41.61 0.2177 
f0.8_d34_433766 28.79 41.26 0.22 
f0.8_d34_196123 31.0 41.84 0.2241 
f0.8_d34_439199 34.75 44.13 0.228 
f0.8_d34_434175 33.52 43.48 0.2252 
f0.8_d34_512370 30.34 43.61 0.2224 
f0.8_d34_343778 31.28 42.65 0.2259 
f0.8_d34_464677 30.57 41.68 0.2191 
f0.8_d34_752352 31.71 44.12 0.227 
f0.8_d34_498893 34.25 43.92 0.2233 
f0.8_d34_165953 32.89 42.9 0.2237 
f0.8_d34_703378 30.44 42.26 0.2229 
f0.8_d34_763591 31.92 42.55 0.2259 
f0.8_d34_669060 30.99 42.5 0.2237 
f0.8_d34_100079 32.14 43.61 0.2259 
f0.8_d34_295272 30.88 41.9 0.2235 
f0.8_d34_975640 32.27 42.05 0.2228 
f0.8_d34_295082 32.77 42.59 0.2203 
f0.8_d34_41975 32.14 42.5 0.2252 
f0.8_d34_533936 28.78 40.89 0.2219 
f0.8_d34_179591 33.73 43.76 0.2209 
f0.8_d34_94031 30.5 42.24 0.2232 
f0.8_d34_692836 29.25 42.71 0.2247 
f0.8_d34_106588 30.42 40.7 0.2261 
f0.8_d34_374600 28.6 41.13 0.227 
f0.8_d34_278404 29.25 42.85 0.2213 
f0.8_d34_678070 31.45 42.24 0.2253 
f0.8_d34_791189 33.57 43.16 0.2229 
f0.8_d34_979719 31.01 43.83 0.2297 
f0.8_d34_298432 29.9 42.97 0.2281 
f0.8_d34_189624 29.29 41.84 0.2237 
f0.8_d34_41625 31.46 43.0 0.2236 
f0.8_d45_796002 41.71 52.54 0.2178 
f0.8_d45_575955 43.8 53.22 0.2245 
f0.8_d45_977420 41.15 51.57 0.2215 
f0.8_d45_799706 41.47 52.51 0.223 
f0.8_d45_766643 41.36 52.33 0.2265 
f0.8_d45_913796 44.99 54.86 0.2196 
f0.8_d45_637284 42.61 52.65 0.2201 
f0.8_d45_774468 39.43 52.63 0.2211 
f0.8_d45_719788 43.21 54.64 0.2223 
f0.8_d45_746473 39.44 52.05 0.224 
f0.8_d45_69870 41.09 51.64 0.2208 
f0.8_d45_63107 38.39 50.24 0.2197 
f0.8_d45_392582 41.53 52.15 0.2269 
f0.8_d45_460167 39.8 50.88 0.227 
f0.8_d45_732198 39.41 49.79 0.2231 
f0.8_d45_143962 41.92 52.68 0.2231 
f0.8_d45_923746 40.33 51.69 0.2241 
f0.8_d45_181411 38.02 50.97 0.2259 
f0.8_d45_18488 39.82 51.97 0.2247 
f0.8_d45_731626 41.16 52.8 0.2238 
f0.8_d45_309322 41.94 52.94 0.2217 
f0.8_d45_652097 44.67 54.17 0.2227 
f0.8_d45_785968 40.16 53.22 0.2244 
f0.8_d45_832179 41.47 52.25 0.2213 
f0.8_d45_747342 40.1 52.02 0.2235 
f0.8_d45_393673 41.27 52.32 0.2226 
f0.8_d45_94027 42.53 53.03 0.2204 
f0.8_d45_643094 39.1 51.09 0.229 
f0.8_d45_134347 43.92 54.07 0.2213 
f0.8_d45_274304 37.41 50.47 0.228 
f0.8_d45_810254 41.87 52.25 0.22 
f0.8_d45_907288 38.77 51.88 0.2242 
f0.8_d45_691519 39.13 51.1 0.2236 
f0.8_d45_773407 39.15 51.28 0.2266 
f0.8_d45_306642 39.99 51.54 0.2243 
f0.8_d45_121706 40.07 51.93 0.2324 
f0.8_d45_201255 36.41 50.49 0.2248 
f0.8_d45_474639 41.37 52.37 0.2236 
f0.8_d45_743895 36.71 49.72 0.2251 
f0.8_d45_588007 38.69 50.93 0.2245 
f0.8_d45_32979 42.47 52.24 0.2238 
f0.8_d45_439254 42.13 53.2 0.2218 
f0.8_d45_802926 40.47 50.18 0.2239 
f0.8_d45_12574 42.2 51.11 0.2196 
f0.8_d45_635494 39.7 51.25 0.2256 
f0.8_d45_662942 43.58 53.41 0.2203 
f0.8_d45_864368 39.48 51.14 0.2241 
f0.8_d45_203528 40.54 52.23 0.2156 
f0.8_d45_976376 40.34 52.36 0.2277 
f0.8_d45_469754 40.39 50.59 0.2172 
f0.8_d45_107340 40.96 51.46 0.2195 
f0.8_d45_660923 39.81 51.28 0.225 
f0.8_d45_933075 38.51 51.98 0.2285 
f0.8_d45_415941 38.81 50.56 0.2228 
f0.8_d45_702946 41.68 52.09 0.218 
f0.8_d45_638944 40.92 52.4 0.2205 
f0.8_d45_80459 39.92 50.54 0.2241 
f0.8_d45_862984 41.86 52.41 0.218 
f0.8_d45_148557 42.12 52.4 0.2213 
f0.8_d45_768055 38.66 50.45 0.2236 
f0.8_d45_696908 39.67 52.0 0.2219 
f0.8_d45_19133 41.46 51.16 0.2277 
