f0.2_d23_614686 20.75 30.69 0.2097 
f0.2_d23_65044 17.61 29.44 0.1987 
f0.2_d23_51515 18.91 30.06 0.2084 
f0.2_d23_513846 20.29 30.82 0.2063 
f0.2_d23_624305 17.88 28.17 0.1907 
f0.2_d23_71986 19.96 30.34 0.204 
f0.2_d23_864297 16.42 29.16 0.2042 
f0.2_d23_582081 19.41 29.89 0.2017 
f0.2_d23_781735 19.6 29.62 0.2052 
f0.2_d23_532096 15.62 27.92 0.1906 
f0.2_d23_322680 20.4 31.75 0.2076 
f0.2_d23_512745 20.2 30.4 0.1997 
f0.2_d23_624247 17.33 29.27 0.2088 
f0.2_d23_846575 19.04 31.25 0.2058 
f0.2_d23_453181 18.89 30.14 0.2034 
f0.2_d23_783581 20.66 30.67 0.2006 
f0.2_d23_600922 21.1 31.76 0.2015 
f0.2_d23_557626 18.8 30.99 0.1949 
f0.2_d23_26815 19.96 30.56 0.2034 
f0.2_d23_133995 19.54 31.09 0.2005 
f0.2_d23_27859 18.92 30.52 0.1983 
f0.2_d23_639871 17.41 29.16 0.1979 
f0.2_d23_805315 17.86 29.08 0.1974 
f0.2_d23_824566 18.48 29.72 0.1983 
f0.2_d23_138090 18.2 30.17 0.1929 
f0.2_d23_343174 20.4 30.88 0.2066 
f0.2_d23_594402 17.63 29.54 0.1976 
f0.2_d23_789593 20.56 29.45 0.1982 
f0.2_d23_896932 17.5 29.45 0.1948 
f0.2_d23_317473 20.13 31.3 0.2097 
f0.2_d23_595039 18.74 27.92 0.1904 
f0.2_d23_171723 17.51 30.88 0.2114 
f0.2_d23_949700 18.05 29.6 0.1952 
f0.2_d23_226049 20.07 30.49 0.1919 
f0.2_d23_815408 20.25 31.47 0.2116 
f0.2_d23_817910 19.85 29.59 0.2072 
f0.2_d23_391651 17.57 29.2 0.1946 
f0.2_d23_493718 19.3 30.68 0.2002 
f0.2_d23_663877 18.31 29.82 0.1961 
f0.2_d23_712249 18.69 30.11 0.1965 
f0.2_d23_690494 16.78 28.63 0.196 
f0.2_d23_760103 17.6 29.42 0.2034 
f0.2_d23_799781 19.16 30.39 0.1971 
f0.2_d23_799298 18.45 29.75 0.1957 
f0.2_d23_733137 19.36 30.1 0.2043 
f0.2_d23_450203 18.79 31.21 0.2064 
f0.2_d23_855606 19.82 29.73 0.1955 
f0.2_d23_171751 19.42 30.78 0.1932 
f0.2_d23_937510 20.52 30.64 0.1989 
f0.2_d23_759846 17.14 29.42 0.1971 
f0.2_d23_309985 20.3 30.28 0.2007 
f0.2_d23_807270 19.11 29.13 0.1878 
f0.2_d23_137382 16.48 30.18 0.2025 
f0.2_d23_319241 18.82 30.76 0.2037 
f0.2_d23_838910 18.64 28.83 0.1941 
f0.2_d23_139423 17.14 28.48 0.2039 
f0.2_d23_849430 17.74 29.97 0.2031 
f0.2_d23_768810 18.85 30.86 0.2053 
f0.2_d23_968332 17.95 29.96 0.1951 
f0.2_d23_870279 18.46 29.97 0.2009 
f0.2_d23_875833 18.09 29.6 0.2015 
f0.2_d23_334080 17.57 29.33 0.1973 
f0.2_d23_387933 20.56 30.02 0.2013 
f0.2_d23_25679 19.78 30.61 0.2185 
f0.2_d23_231612 16.57 29.35 0.2015 
f0.2_d23_230174 22.33 31.42 0.2029 
f0.2_d23_257252 19.17 30.87 0.2167 
f0.2_d34_721641 26.62 37.06 0.2083 
f0.2_d34_246179 24.62 38.19 0.2061 
f0.2_d34_222102 24.69 37.62 0.2116 
f0.2_d34_51705 26.1 38.62 0.2098 
f0.2_d34_474739 25.51 36.52 0.2081 
f0.2_d34_258909 25.64 37.5 0.2132 
f0.2_d34_166114 25.93 37.57 0.2127 
f0.2_d34_11519 27.53 38.17 0.2013 
f0.2_d34_913799 26.65 36.15 0.2099 
f0.2_d34_316977 26.15 38.24 0.2105 
f0.2_d34_940152 22.99 36.81 0.205 
f0.2_d34_81463 25.86 38.34 0.2118 
f0.2_d34_23435 26.69 38.07 0.2084 
f0.2_d34_890780 22.55 36.33 0.2126 
f0.2_d34_936144 25.44 38.91 0.2087 
f0.2_d34_196736 24.99 38.08 0.2098 
f0.2_d34_496048 26.13 38.63 0.2117 
f0.2_d34_349425 26.36 38.72 0.2116 
f0.2_d34_99140 26.75 39.39 0.2101 
f0.2_d34_805665 26.51 38.41 0.2176 
f0.2_d34_624874 25.47 38.47 0.2103 
f0.2_d34_706222 27.02 39.12 0.2118 
f0.2_d34_754501 26.15 38.22 0.2124 
f0.2_d34_724752 25.65 37.24 0.2086 
f0.2_d34_153316 26.33 37.97 0.2083 
f0.2_d34_135549 26.68 37.18 0.2126 
f0.2_d34_112271 26.99 38.65 0.2118 
f0.2_d34_412160 26.8 37.52 0.2125 
f0.2_d34_796923 23.32 37.75 0.2075 
f0.2_d34_879766 26.45 38.77 0.2073 
f0.2_d34_938166 25.52 37.63 0.2092 
f0.2_d34_922359 25.95 37.12 0.2089 
f0.2_d34_825210 26.32 38.95 0.2098 
f0.2_d34_189169 24.76 38.02 0.2063 
f0.2_d34_963601 27.1 38.72 0.212 
f0.2_d34_569192 25.13 37.0 0.2125 
f0.2_d34_221180 27.77 38.16 0.2078 
f0.2_d34_23554 25.11 36.85 0.2087 
f0.2_d34_192600 27.21 38.66 0.2168 
f0.2_d34_62173 24.05 37.5 0.2083 
f0.2_d34_768279 25.22 38.23 0.2178 
f0.2_d34_43029 25.14 37.6 0.2131 
f0.2_d34_291447 25.31 37.44 0.2079 
f0.2_d34_697746 27.51 38.98 0.2065 
f0.2_d34_804751 25.13 37.92 0.2156 
f0.2_d34_554818 26.46 38.51 0.2099 
f0.2_d34_434717 25.12 38.85 0.2045 
f0.2_d34_91057 25.29 38.23 0.2087 
f0.2_d34_630443 25.18 37.55 0.2146 
f0.2_d34_863142 26.5 39.14 0.2159 
f0.2_d34_713379 26.74 37.87 0.2155 
f0.2_d34_861442 26.87 37.76 0.2075 
f0.2_d34_322002 25.5 37.57 0.2073 
f0.2_d34_336505 25.12 36.81 0.213 
f0.2_d34_852743 26.23 37.57 0.2151 
f0.2_d34_507449 24.7 36.94 0.2038 
f0.2_d34_554841 24.65 37.83 0.2123 
f0.2_d34_294478 24.8 38.23 0.2069 
f0.2_d34_123674 23.37 37.38 0.21 
f0.2_d34_941926 26.35 37.1 0.2101 
f0.2_d34_413382 24.79 37.36 0.2111 
f0.2_d34_86064 26.67 38.44 0.2114 
f0.2_d34_826013 22.77 37.74 0.2115 
f0.2_d34_367497 25.07 37.31 0.2032 
f0.2_d34_851221 24.08 37.5 0.2158 
f0.2_d34_15738 26.19 38.96 0.2209 
f0.2_d34_119662 26.36 38.82 0.2111 
f0.2_d45_208494 32.31 45.64 0.2154 
f0.2_d45_493844 31.68 44.45 0.2108 
f0.2_d45_944749 30.08 44.5 0.2108 
f0.2_d45_254801 31.88 45.33 0.2081 
f0.2_d45_831824 32.78 47.09 0.2121 
f0.2_d45_362912 34.97 45.56 0.216 
f0.2_d45_808932 33.28 45.26 0.2185 
f0.2_d45_228640 33.02 46.33 0.2129 
f0.2_d45_144996 33.29 46.23 0.2162 
f0.2_d45_649885 32.74 45.08 0.2094 
f0.2_d45_386705 33.41 44.82 0.212 
f0.2_d45_811208 34.89 47.12 0.213 
f0.2_d45_551857 31.2 45.04 0.2083 
f0.2_d45_198170 34.21 45.52 0.2098 
f0.2_d45_890140 32.71 45.46 0.2103 
f0.2_d45_947926 31.14 45.63 0.2162 
f0.2_d45_885989 32.15 45.2 0.2129 
f0.2_d45_124243 31.64 45.52 0.2065 
f0.2_d45_882177 30.73 45.28 0.2195 
f0.2_d45_51852 33.4 46.05 0.2059 
f0.2_d45_2096 32.15 45.05 0.2095 
f0.2_d45_409624 32.47 45.24 0.2187 
f0.2_d45_916931 31.58 44.19 0.2163 
f0.2_d45_273728 32.6 44.59 0.2131 
f0.2_d45_395133 31.59 44.28 0.2102 
f0.2_d45_927625 31.9 45.19 0.2144 
f0.2_d45_14090 32.47 44.37 0.214 
f0.2_d45_698889 31.69 45.18 0.2057 
f0.2_d45_688678 31.5 44.68 0.2118 
f0.2_d45_525661 30.78 43.64 0.2153 
f0.2_d45_937952 31.77 46.08 0.2209 
f0.2_d45_265349 31.25 45.84 0.2159 
f0.2_d45_831813 35.18 46.06 0.2118 
f0.2_d45_523313 30.38 45.38 0.2045 
f0.2_d45_781971 31.77 44.63 0.2087 
f0.2_d45_835082 31.87 45.37 0.216 
f0.2_d45_223916 32.66 45.29 0.2128 
f0.2_d45_975182 34.29 44.76 0.2084 
f0.2_d45_600464 33.62 45.58 0.2143 
f0.2_d45_896170 32.49 45.74 0.2114 
f0.2_d45_122226 33.94 47.59 0.2098 
f0.2_d45_800452 32.94 44.98 0.2018 
f0.2_d45_722224 33.06 46.74 0.2143 
f0.2_d45_869453 33.3 46.42 0.2113 
f0.2_d45_118056 31.77 44.62 0.2097 
f0.2_d45_309603 33.74 45.28 0.21 
f0.2_d45_427907 31.52 45.45 0.2029 
f0.2_d45_104123 30.49 45.36 0.2169 
f0.2_d45_400833 34.39 46.67 0.2166 
f0.2_d45_634889 32.05 46.27 0.2142 
f0.2_d45_798435 33.61 44.58 0.2069 
f0.2_d45_796933 31.37 44.69 0.208 
f0.2_d45_964281 31.88 46.83 0.2043 
f0.2_d45_562882 32.38 45.4 0.2051 
f0.2_d45_981760 31.79 45.75 0.2103 
f0.2_d45_237957 31.78 45.02 0.2175 
f0.2_d45_209588 33.34 45.12 0.2089 
f0.2_d45_728681 32.42 46.62 0.2111 
f0.2_d45_296417 32.92 44.96 0.2086 
f0.2_d45_748867 30.97 43.48 0.2101 
f0.2_d45_262554 32.27 45.25 0.2101 
f0.2_d45_209126 31.09 44.59 0.2088 
f0.2_d45_42256 33.6 45.54 0.2015 
f0.2_d45_387886 34.02 45.79 0.2103 
f0.2_d45_380573 34.3 46.1 0.2145 
f0.2_d45_762605 30.15 45.48 0.2141 
f0.2_d45_619160 32.42 46.24 0.2122 
f0.35_d23_27153 20.89 31.07 0.2057 
f0.35_d23_556303 19.99 30.65 0.2158 
f0.35_d23_818158 19.32 31.11 0.2187 
f0.35_d23_606964 20.87 31.22 0.2017 
f0.35_d23_600639 21.24 31.43 0.2113 
f0.35_d23_12568 19.49 30.83 0.2093 
f0.35_d23_684872 17.39 30.05 0.2107 
f0.35_d23_798218 18.31 30.07 0.2032 
f0.35_d23_637867 21.87 33.07 0.2077 
f0.35_d23_628455 19.24 32.08 0.2124 
f0.35_d23_359792 18.07 30.25 0.2 
f0.35_d23_541338 18.0 30.82 0.2131 
f0.35_d23_104200 19.57 31.13 0.2047 
f0.35_d23_918174 20.17 31.34 0.2103 
f0.35_d23_963081 20.6 30.48 0.2101 
f0.35_d23_346551 20.21 30.86 0.192 
f0.35_d23_408294 21.26 31.76 0.2117 
f0.35_d23_893960 20.81 30.07 0.2015 
f0.35_d23_256644 19.92 31.59 0.2147 
f0.35_d23_372942 16.71 30.04 0.1996 
f0.35_d23_978467 18.19 29.96 0.2065 
f0.35_d23_397239 21.61 30.72 0.2049 
f0.35_d23_217719 19.59 31.16 0.1977 
f0.35_d23_851565 21.39 31.62 0.2129 
f0.35_d23_535429 19.58 29.88 0.2023 
f0.35_d23_400888 20.98 30.84 0.2053 
f0.35_d23_642229 20.5 32.54 0.2102 
f0.35_d23_898684 22.83 32.75 0.2135 
f0.35_d23_944392 18.94 30.19 0.2051 
f0.35_d23_302069 19.62 31.45 0.2041 
f0.35_d23_386117 20.24 31.29 0.1972 
f0.35_d23_671282 20.36 31.67 0.2053 
f0.35_d23_80990 21.27 31.87 0.2134 
f0.35_d23_621049 18.81 31.67 0.212 
f0.35_d23_260904 20.72 32.15 0.2068 
f0.35_d23_146035 17.26 28.98 0.1952 
f0.35_d23_365825 22.0 30.69 0.2091 
f0.35_d23_418492 17.13 30.34 0.2037 
f0.35_d23_549045 19.94 30.12 0.207 
f0.35_d23_418277 16.98 31.27 0.2074 
f0.35_d23_125054 16.63 29.52 0.2096 
f0.35_d23_147464 18.76 30.57 0.2013 
f0.35_d23_317037 19.77 29.92 0.2043 
f0.35_d23_37597 21.72 32.09 0.2096 
f0.35_d23_709982 19.28 31.59 0.2075 
f0.35_d23_888812 22.08 30.45 0.2102 
f0.35_d23_586082 20.01 32.15 0.2128 
f0.35_d23_216148 20.09 31.6 0.2136 
f0.35_d23_815260 19.05 30.35 0.2181 
f0.35_d23_976751 20.4 30.61 0.1942 
f0.35_d23_458102 21.05 31.6 0.2038 
f0.35_d23_706502 21.87 31.61 0.2038 
f0.35_d23_500084 17.35 29.79 0.2095 
f0.35_d23_581298 21.5 32.32 0.2123 
f0.35_d23_465305 21.42 31.8 0.205 
f0.35_d23_703498 20.17 32.48 0.2107 
f0.35_d23_470241 19.89 31.17 0.2079 
f0.35_d23_783603 17.77 29.66 0.2018 
f0.35_d23_570435 17.96 30.38 0.2045 
f0.35_d23_783250 21.23 31.09 0.2202 
f0.35_d23_484506 20.3 30.24 0.1988 
f0.35_d23_630043 20.76 30.85 0.2124 
f0.35_d23_977912 19.03 30.62 0.2106 
f0.35_d23_1015 19.7 30.63 0.2074 
f0.35_d23_788976 18.75 29.71 0.2066 
f0.35_d23_795421 20.52 30.26 0.2002 
f0.35_d23_9747 21.7 30.0 0.2101 
f0.35_d34_610971 27.53 39.72 0.2167 
f0.35_d34_983278 27.39 39.6 0.2193 
f0.35_d34_746744 24.25 38.36 0.2202 
f0.35_d34_671687 26.68 38.78 0.2141 
f0.35_d34_528067 27.06 40.99 0.2239 
f0.35_d34_571329 26.63 39.37 0.2168 
f0.35_d34_376035 27.26 39.46 0.2159 
f0.35_d34_236190 27.06 39.01 0.2208 
f0.35_d34_329459 25.75 39.05 0.2162 
f0.35_d34_599015 25.72 36.76 0.2148 
f0.35_d34_743847 26.51 38.84 0.22 
f0.35_d34_191851 24.6 38.22 0.211 
f0.35_d34_465775 26.08 39.18 0.2194 
f0.35_d34_734188 28.57 39.37 0.2203 
f0.35_d34_654299 27.2 39.37 0.2236 
f0.35_d34_270790 26.92 38.87 0.2229 
f0.35_d34_769589 27.22 39.57 0.2109 
f0.35_d34_636940 28.87 39.85 0.2116 
f0.35_d34_445357 27.08 38.4 0.215 
f0.35_d34_299354 25.91 38.5 0.2096 
f0.35_d34_857330 26.49 38.75 0.2205 
f0.35_d34_902738 26.21 37.35 0.2149 
f0.35_d34_111796 25.24 38.15 0.2234 
f0.35_d34_366224 29.82 40.36 0.2211 
f0.35_d34_584056 27.59 39.47 0.217 
f0.35_d34_594242 27.96 38.56 0.2213 
f0.35_d34_35054 23.96 38.01 0.2174 
f0.35_d34_383286 26.86 41.06 0.2211 
f0.35_d34_878690 27.1 38.71 0.2159 
f0.35_d34_937916 26.61 40.09 0.223 
f0.35_d34_573014 25.35 39.43 0.2185 
f0.35_d34_964874 27.35 39.21 0.2149 
f0.35_d34_587251 28.31 38.81 0.2182 
f0.35_d34_297784 26.67 39.43 0.2141 
f0.35_d34_280493 27.39 38.73 0.2156 
f0.35_d34_824068 24.75 38.03 0.2088 
f0.35_d34_682875 27.41 38.97 0.223 
f0.35_d34_395706 26.83 38.44 0.2178 
f0.35_d34_838186 27.07 38.29 0.2179 
f0.35_d34_318429 27.68 38.45 0.2116 
f0.35_d34_662046 25.52 38.61 0.2196 
f0.35_d34_589650 28.13 38.79 0.2233 
f0.35_d34_283658 28.28 40.63 0.22 
f0.35_d34_44221 29.87 41.37 0.2191 
f0.35_d34_551172 25.95 38.48 0.2146 
f0.35_d34_368997 28.79 39.99 0.2191 
f0.35_d34_219210 25.53 39.63 0.2161 
f0.35_d34_659258 25.86 38.74 0.2165 
f0.35_d34_115048 27.79 40.28 0.2221 
f0.35_d34_238933 29.9 39.34 0.2141 
f0.35_d34_314981 29.6 41.04 0.2279 
f0.35_d34_618758 28.93 40.39 0.2229 
f0.35_d34_181833 26.74 38.08 0.2224 
f0.35_d34_938093 27.59 39.69 0.2126 
f0.35_d34_810330 26.7 39.43 0.2162 
f0.35_d34_771157 26.29 38.72 0.2092 
f0.35_d34_258177 27.95 40.67 0.2221 
f0.35_d34_601849 27.1 38.22 0.2137 
f0.35_d34_786305 27.56 38.45 0.2131 
f0.35_d34_552662 27.31 39.88 0.215 
f0.35_d34_921211 26.9 38.46 0.2131 
f0.35_d34_228387 27.08 39.18 0.2238 
f0.35_d34_874250 26.0 37.44 0.2123 
f0.35_d34_150069 25.91 38.73 0.2172 
f0.35_d34_180166 26.87 39.16 0.2165 
f0.35_d34_352178 25.96 39.11 0.2209 
f0.35_d34_777325 28.16 39.7 0.2247 
f0.35_d45_906197 35.32 46.16 0.2093 
f0.35_d45_377401 35.26 46.83 0.2113 
f0.35_d45_549634 31.07 44.86 0.2173 
f0.35_d45_49267 34.63 47.89 0.217 
f0.35_d45_287880 35.21 46.63 0.2217 
f0.35_d45_599598 35.86 47.94 0.2195 
f0.35_d45_465097 35.08 46.81 0.2124 
f0.35_d45_495078 36.04 47.57 0.2133 
f0.35_d45_71925 31.82 44.21 0.2122 
f0.35_d45_23934 34.07 46.51 0.215 
f0.35_d45_298702 32.97 47.48 0.2157 
f0.35_d45_83520 33.18 46.6 0.2154 
f0.35_d45_34335 36.1 47.72 0.2095 
f0.35_d45_459489 32.99 46.42 0.2152 
f0.35_d45_691079 34.58 46.81 0.2129 
f0.35_d45_584955 36.23 47.2 0.2119 
f0.35_d45_134658 32.8 46.48 0.2142 
f0.35_d45_184265 34.25 47.81 0.2075 
f0.35_d45_8681 31.81 45.76 0.2195 
f0.35_d45_769568 35.39 46.02 0.2108 
f0.35_d45_590888 35.66 48.03 0.2238 
f0.35_d45_201581 37.16 49.33 0.2225 
f0.35_d45_236343 33.77 46.64 0.2231 
f0.35_d45_671928 33.67 47.94 0.2219 
f0.35_d45_592149 35.58 48.1 0.2169 
f0.35_d45_297295 36.48 47.53 0.2075 
f0.35_d45_404853 35.59 47.63 0.2183 
f0.35_d45_571878 35.61 47.74 0.2192 
f0.35_d45_35833 33.12 47.12 0.221 
f0.35_d45_267221 34.37 46.45 0.2139 
f0.35_d45_680254 33.22 46.43 0.2199 
f0.35_d45_405371 32.78 46.02 0.2183 
f0.35_d45_315758 32.58 47.27 0.2232 
f0.35_d45_451601 35.41 47.45 0.2212 
f0.35_d45_757159 35.36 47.19 0.2198 
f0.35_d45_392584 34.86 47.09 0.213 
f0.35_d45_874890 32.06 46.88 0.2195 
f0.35_d45_181817 36.34 47.16 0.2144 
f0.35_d45_258341 35.31 47.95 0.2207 
f0.35_d45_322780 35.1 47.14 0.2133 
f0.35_d45_639707 31.36 45.45 0.2226 
f0.35_d45_831807 33.46 46.55 0.2274 
f0.35_d45_146822 34.39 47.29 0.2187 
f0.35_d45_230284 36.36 47.27 0.2153 
f0.35_d45_785181 31.79 47.25 0.2284 
f0.35_d45_392477 33.26 47.21 0.2208 
f0.35_d45_229247 36.88 48.72 0.2206 
f0.35_d45_760676 32.5 45.67 0.214 
f0.35_d45_381278 35.02 47.28 0.2163 
f0.35_d45_773522 31.73 45.99 0.212 
f0.35_d45_74660 30.7 45.93 0.2138 
f0.35_d45_739883 35.84 47.6 0.2142 
f0.35_d45_454114 34.32 48.07 0.2151 
f0.35_d45_908861 33.77 47.16 0.2133 
f0.35_d45_511941 35.58 46.97 0.2119 
f0.35_d45_711561 31.91 47.27 0.2153 
f0.35_d45_272530 32.81 44.83 0.2162 
f0.35_d45_427167 34.88 46.78 0.2138 
f0.35_d45_438637 35.95 47.37 0.2106 
f0.35_d45_39273 33.87 45.85 0.2137 
f0.35_d45_40982 34.38 47.15 0.2207 
f0.35_d45_981062 34.09 45.43 0.217 
f0.35_d45_461055 36.33 48.38 0.2104 
f0.35_d45_772889 34.81 47.07 0.2212 
f0.35_d45_985264 33.05 46.2 0.2207 
f0.35_d45_731048 34.7 47.39 0.2126 
f0.35_d45_470759 35.66 47.46 0.2248 
f0.5_d23_607866 19.29 31.69 0.2157 
f0.5_d23_527946 20.42 30.92 0.2134 
f0.5_d23_814954 21.27 31.35 0.2049 
f0.5_d23_195847 20.3 32.28 0.2198 
f0.5_d23_186889 22.25 32.42 0.2237 
f0.5_d23_565842 17.54 29.35 0.2108 
f0.5_d23_816294 21.45 31.76 0.2107 
f0.5_d23_224874 22.02 31.83 0.2128 
f0.5_d23_109692 20.91 32.16 0.213 
f0.5_d23_78148 24.13 33.25 0.2213 
f0.5_d23_836894 22.44 32.65 0.2125 
f0.5_d23_279463 20.73 31.83 0.2055 
f0.5_d23_172012 19.56 31.02 0.2151 
f0.5_d23_254615 19.58 30.91 0.212 
f0.5_d23_357386 22.63 31.83 0.2135 
f0.5_d23_769734 20.15 32.47 0.2197 
f0.5_d23_41222 20.41 31.7 0.2093 
f0.5_d23_239524 21.0 30.33 0.2172 
f0.5_d23_463372 23.12 33.32 0.218 
f0.5_d23_990164 21.27 32.53 0.21 
f0.5_d23_864584 22.24 32.0 0.2221 
f0.5_d23_684748 22.67 32.19 0.2161 
f0.5_d23_600752 21.04 31.2 0.2191 
f0.5_d23_137133 18.89 31.63 0.2038 
f0.5_d23_432984 21.03 31.73 0.2139 
f0.5_d23_759137 20.68 32.13 0.2177 
f0.5_d23_616752 23.03 33.12 0.2202 
f0.5_d23_539431 19.68 30.33 0.2081 
f0.5_d23_172804 18.75 31.18 0.2138 
f0.5_d23_7490 20.51 32.34 0.2177 
f0.5_d23_559613 21.47 31.45 0.2137 
f0.5_d23_41307 20.2 31.56 0.2148 
f0.5_d23_16383 22.06 31.94 0.2109 
f0.5_d23_13698 21.16 31.32 0.2083 
f0.5_d23_405420 17.36 29.71 0.2042 
f0.5_d23_839796 21.22 31.93 0.2191 
f0.5_d23_285659 18.41 32.11 0.2095 
f0.5_d23_277861 19.6 30.93 0.2075 
f0.5_d23_917758 20.74 32.64 0.216 
f0.5_d23_371960 20.81 30.3 0.221 
f0.5_d23_620583 23.86 33.5 0.221 
f0.5_d23_613070 21.29 31.61 0.2178 
f0.5_d23_639730 18.32 29.54 0.2084 
f0.5_d23_668857 19.35 30.24 0.1998 
f0.5_d23_830352 19.69 30.77 0.1995 
f0.5_d23_691901 19.99 31.6 0.2125 
f0.5_d23_495310 19.78 31.17 0.2145 
f0.5_d23_383338 20.01 31.95 0.2178 
f0.5_d23_388955 21.4 31.61 0.2123 
f0.5_d23_535728 21.59 31.92 0.2137 
f0.5_d23_139994 19.13 31.4 0.2164 
f0.5_d23_544057 18.66 30.75 0.2098 
f0.5_d23_331779 18.78 30.36 0.2073 
f0.5_d23_176711 22.75 31.39 0.2124 
f0.5_d23_191352 21.65 32.72 0.2105 
f0.5_d23_360752 20.93 31.99 0.212 
f0.5_d23_917478 21.91 31.8 0.2058 
f0.5_d23_300024 20.54 32.48 0.2137 
f0.5_d23_653734 19.01 31.65 0.2043 
f0.5_d23_354031 21.5 33.39 0.223 
f0.5_d23_356851 19.44 32.02 0.217 
f0.5_d23_354634 20.22 31.62 0.2074 
f0.5_d23_742937 21.55 31.46 0.2125 
f0.5_d23_460213 20.32 31.39 0.2194 
f0.5_d23_316895 19.97 29.64 0.2111 
f0.5_d23_313252 21.66 32.89 0.2155 
f0.5_d23_468208 23.9 32.25 0.2097 
f0.5_d34_543826 27.62 39.16 0.2191 
f0.5_d34_342926 28.12 40.83 0.2194 
f0.5_d34_72794 28.75 38.97 0.2217 
f0.5_d34_601145 29.61 39.49 0.2198 
f0.5_d34_120240 27.36 39.18 0.2189 
f0.5_d34_432691 26.48 39.4 0.2208 
f0.5_d34_42500 29.69 39.72 0.2267 
f0.5_d34_836978 27.56 39.73 0.2201 
f0.5_d34_825571 29.86 41.76 0.2289 
f0.5_d34_665177 29.55 38.96 0.2172 
f0.5_d34_227197 30.34 39.58 0.2198 
f0.5_d34_738468 25.75 38.4 0.2168 
f0.5_d34_999904 31.71 41.47 0.2192 
f0.5_d34_893126 29.55 40.49 0.2258 
f0.5_d34_198898 28.54 40.86 0.218 
f0.5_d34_378544 26.54 40.53 0.2222 
f0.5_d34_675864 27.9 40.75 0.2255 
f0.5_d34_797614 28.07 39.23 0.2236 
f0.5_d34_952321 26.58 39.58 0.2129 
f0.5_d34_237747 26.21 39.71 0.2182 
f0.5_d34_698032 31.95 41.66 0.2253 
f0.5_d34_751099 27.96 39.37 0.2196 
f0.5_d34_998677 28.84 39.78 0.2187 
f0.5_d34_766182 27.48 38.74 0.2249 
f0.5_d34_963947 26.2 38.16 0.2191 
f0.5_d34_54167 27.39 39.42 0.2234 
f0.5_d34_859588 30.0 40.28 0.2167 
f0.5_d34_792912 30.43 41.34 0.2214 
f0.5_d34_529230 30.26 39.82 0.2173 
f0.5_d34_775397 29.09 40.61 0.2257 
f0.5_d34_547156 29.15 40.91 0.2226 
f0.5_d34_413870 28.05 40.44 0.218 
f0.5_d34_210658 27.83 40.48 0.2213 
f0.5_d34_168129 27.55 40.63 0.2266 
f0.5_d34_746852 29.96 40.74 0.2298 
f0.5_d34_679600 28.88 41.56 0.2282 
f0.5_d34_326083 28.42 40.62 0.2122 
f0.5_d34_462334 28.07 39.51 0.2178 
f0.5_d34_55819 29.67 39.44 0.2193 
f0.5_d34_668348 28.39 40.33 0.2214 
f0.5_d34_718851 30.25 40.9 0.2193 
f0.5_d34_22744 28.03 40.31 0.2205 
f0.5_d34_722523 26.24 39.15 0.2102 
f0.5_d34_838574 29.94 41.74 0.2185 
f0.5_d34_473303 29.07 40.02 0.2185 
f0.5_d34_898296 29.6 41.04 0.218 
f0.5_d34_255318 24.71 37.55 0.2171 
f0.5_d34_577343 27.0 39.54 0.2212 
f0.5_d34_729669 27.59 40.03 0.2248 
f0.5_d34_620306 29.73 40.49 0.2268 
f0.5_d34_366573 29.22 40.32 0.2289 
f0.5_d34_143004 26.67 39.28 0.2242 
f0.5_d34_64297 26.43 39.7 0.2148 
f0.5_d34_545613 28.9 40.11 0.2229 
f0.5_d34_183960 29.77 39.58 0.2124 
f0.5_d34_382071 29.04 41.12 0.2202 
f0.5_d34_553019 32.44 41.96 0.2179 
f0.5_d34_643750 28.55 40.18 0.2223 
f0.5_d34_818251 28.11 40.33 0.2199 
f0.5_d34_16371 30.76 40.58 0.2222 
f0.5_d34_214653 30.32 40.3 0.2145 
f0.5_d34_234238 32.57 41.83 0.2192 
f0.5_d34_260179 27.25 40.19 0.2177 
f0.5_d34_590481 27.91 40.62 0.2263 
f0.5_d34_575602 27.9 39.74 0.2258 
f0.5_d34_87507 27.45 38.65 0.2168 
f0.5_d34_253074 28.82 38.72 0.2225 
f0.5_d45_741324 37.6 50.25 0.2231 
f0.5_d45_500735 34.92 48.15 0.2215 
f0.5_d45_183604 35.22 48.38 0.2275 
f0.5_d45_673064 35.76 48.8 0.2275 
f0.5_d45_452950 37.22 49.9 0.2192 
f0.5_d45_517569 35.48 46.49 0.2215 
f0.5_d45_565306 35.47 48.53 0.2196 
f0.5_d45_340319 34.11 47.35 0.2253 
f0.5_d45_806723 35.96 49.26 0.2282 
f0.5_d45_195785 36.31 49.67 0.2216 
f0.5_d45_673134 34.95 48.69 0.2245 
f0.5_d45_326623 37.73 49.56 0.2217 
f0.5_d45_42718 39.57 50.51 0.2179 
f0.5_d45_978185 38.71 48.95 0.2209 
f0.5_d45_190966 37.05 49.44 0.2227 
f0.5_d45_924324 35.17 48.54 0.2207 
f0.5_d45_294816 39.04 50.51 0.223 
f0.5_d45_622662 34.38 48.38 0.2191 
f0.5_d45_823023 37.77 49.25 0.2241 
f0.5_d45_585885 38.84 49.12 0.2205 
f0.5_d45_194770 35.85 49.18 0.2272 
f0.5_d45_303183 34.63 47.07 0.2212 
f0.5_d45_880188 35.72 48.73 0.2237 
f0.5_d45_480373 34.54 46.63 0.221 
f0.5_d45_725537 37.83 49.92 0.2235 
f0.5_d45_361310 33.9 48.57 0.2216 
f0.5_d45_272272 34.96 48.72 0.2278 
f0.5_d45_745158 34.85 48.38 0.2214 
f0.5_d45_243523 36.21 49.13 0.2231 
f0.5_d45_60551 37.4 48.42 0.2237 
f0.5_d45_364203 37.38 49.56 0.2218 
f0.5_d45_198143 35.95 49.24 0.2236 
f0.5_d45_523566 35.57 48.8 0.2168 
f0.5_d45_144079 35.37 48.36 0.2183 
f0.5_d45_625054 35.12 48.94 0.2218 
f0.5_d45_84029 35.74 48.49 0.2248 
f0.5_d45_259341 35.73 47.68 0.2189 
f0.5_d45_831590 36.89 49.29 0.2195 
f0.5_d45_935019 37.04 49.18 0.2255 
f0.5_d45_864662 35.89 48.86 0.2246 
f0.5_d45_819159 39.19 49.24 0.222 
f0.5_d45_451148 35.94 48.33 0.22 
f0.5_d45_230621 32.89 47.11 0.215 
f0.5_d45_891730 36.09 49.61 0.2183 
f0.5_d45_510356 37.13 49.69 0.2206 
f0.5_d45_447015 35.11 48.87 0.2261 
f0.5_d45_954268 36.14 47.23 0.2192 
f0.5_d45_151339 36.35 47.93 0.2204 
f0.5_d45_404193 35.71 48.77 0.2282 
f0.5_d45_157124 34.63 48.34 0.2189 
f0.5_d45_556241 38.38 50.1 0.221 
f0.5_d45_388276 35.81 46.9 0.2246 
f0.5_d45_489555 35.0 47.14 0.2229 
f0.5_d45_727558 33.6 48.13 0.2218 
f0.5_d45_509272 36.39 49.78 0.2245 
f0.5_d45_771632 36.11 48.5 0.2265 
f0.5_d45_198924 34.57 48.35 0.2198 
f0.5_d45_479593 34.96 47.32 0.216 
f0.5_d45_646397 35.48 48.85 0.2209 
f0.5_d45_532465 35.54 47.05 0.2287 
f0.5_d45_394785 38.34 48.95 0.2218 
f0.5_d45_126806 38.13 50.05 0.2157 
f0.5_d45_500792 35.75 49.35 0.2176 
f0.5_d45_107330 34.68 48.39 0.2184 
f0.5_d45_690751 35.42 48.38 0.2235 
f0.5_d45_469674 37.8 50.02 0.2201 
f0.5_d45_780681 38.22 49.15 0.2258 
f0.65_d23_137093 21.47 30.69 0.2167 
f0.65_d23_125980 20.98 32.61 0.2087 
f0.65_d23_620539 21.15 32.33 0.221 
f0.65_d23_944749 18.21 30.44 0.2115 
f0.65_d23_811966 23.6 33.57 0.2148 
f0.65_d23_300089 23.05 33.5 0.2237 
f0.65_d23_281001 23.68 33.48 0.2122 
f0.65_d23_937562 23.11 32.85 0.2149 
f0.65_d23_911271 23.12 31.98 0.2173 
f0.65_d23_120084 22.6 32.32 0.2173 
f0.65_d23_214510 24.67 34.85 0.2205 
f0.65_d23_222168 23.84 33.81 0.2152 
f0.65_d23_817070 20.59 32.73 0.2229 
f0.65_d23_41925 23.36 33.73 0.2175 
f0.65_d23_164564 20.71 32.46 0.2091 
f0.65_d23_218579 21.6 32.79 0.2169 
f0.65_d23_862648 24.21 35.47 0.2224 
f0.65_d23_595666 20.61 31.8 0.2222 
f0.65_d23_570147 23.09 31.42 0.2137 
f0.65_d23_314812 20.18 32.06 0.2161 
f0.65_d23_828297 21.21 31.87 0.2158 
f0.65_d23_982828 21.32 31.77 0.2154 
f0.65_d23_826584 19.73 32.62 0.2173 
f0.65_d23_976284 19.68 31.13 0.2163 
f0.65_d23_12072 20.72 31.77 0.2158 
f0.65_d23_333199 23.44 33.54 0.2132 
f0.65_d23_54295 20.16 32.84 0.2211 
f0.65_d23_803995 25.08 32.95 0.2117 
f0.65_d23_28849 20.7 32.12 0.211 
f0.65_d23_388848 20.48 33.16 0.2192 
f0.65_d23_989659 24.1 31.82 0.2122 
f0.65_d23_895562 20.87 32.55 0.214 
f0.65_d23_153215 20.67 31.76 0.2122 
f0.65_d23_166531 21.88 33.54 0.2113 
f0.65_d23_965282 22.42 32.32 0.2151 
f0.65_d23_335889 20.07 30.88 0.2123 
f0.65_d23_177546 21.65 32.95 0.2244 
f0.65_d23_92664 21.21 32.47 0.2221 
f0.65_d23_10571 22.64 31.42 0.2143 
f0.65_d23_20612 20.82 32.98 0.2166 
f0.65_d23_535811 21.6 33.24 0.2146 
f0.65_d23_623698 21.86 32.22 0.2077 
f0.65_d23_678717 21.08 31.58 0.214 
f0.65_d23_504608 20.84 31.62 0.21 
f0.65_d23_121538 21.1 32.01 0.2089 
f0.65_d23_460934 20.56 32.26 0.2127 
f0.65_d23_333250 21.57 31.53 0.213 
f0.65_d23_427112 21.06 32.98 0.2111 
f0.65_d23_656110 21.47 32.3 0.2241 
f0.65_d23_454666 23.86 33.04 0.2109 
f0.65_d23_437115 22.78 33.54 0.2091 
f0.65_d23_477156 22.97 32.44 0.2198 
f0.65_d23_436780 21.28 31.63 0.2123 
f0.65_d23_612383 20.15 30.83 0.2107 
f0.65_d23_884492 22.48 33.34 0.2205 
f0.65_d23_543425 23.09 32.47 0.2144 
f0.65_d23_731267 19.69 31.23 0.2129 
f0.65_d23_542305 20.06 31.72 0.2095 
f0.65_d23_112806 20.68 31.06 0.2059 
f0.65_d23_675975 20.8 31.24 0.2071 
f0.65_d23_917443 20.91 32.08 0.226 
f0.65_d23_761334 20.74 31.79 0.2124 
f0.65_d23_857780 22.47 33.96 0.2142 
f0.65_d23_628379 24.32 33.46 0.2201 
f0.65_d23_532951 25.36 33.44 0.2165 
f0.65_d23_544595 23.14 33.8 0.2175 
f0.65_d23_179499 21.29 31.82 0.2125 
f0.65_d34_179315 29.08 41.84 0.2209 
f0.65_d34_585414 30.36 40.28 0.2259 
f0.65_d34_912002 32.45 42.34 0.2218 
f0.65_d34_564905 30.52 40.72 0.221 
f0.65_d34_246485 30.37 42.5 0.2273 
f0.65_d34_309513 30.34 41.54 0.217 
f0.65_d34_508940 29.13 41.93 0.2259 
f0.65_d34_769456 28.04 38.89 0.2224 
f0.65_d34_315301 30.64 41.68 0.2267 
f0.65_d34_963687 30.78 42.61 0.2213 
f0.65_d34_227718 32.38 42.12 0.2265 
f0.65_d34_582018 29.44 41.43 0.2228 
f0.65_d34_439040 29.84 40.88 0.221 
f0.65_d34_770129 28.85 42.01 0.2183 
f0.65_d34_927574 29.24 41.46 0.22 
f0.65_d34_557291 30.75 42.14 0.2198 
f0.65_d34_162573 31.76 42.0 0.2227 
f0.65_d34_460546 30.09 41.83 0.2236 
f0.65_d34_660501 29.71 41.72 0.2265 
f0.65_d34_473993 30.17 40.66 0.229 
f0.65_d34_615228 27.22 41.55 0.2209 
f0.65_d34_903594 30.25 41.33 0.2257 
f0.65_d34_312655 30.29 41.65 0.2295 
f0.65_d34_67926 30.84 41.29 0.2187 
f0.65_d34_317408 29.25 40.4 0.2212 
f0.65_d34_611745 31.72 41.51 0.2225 
f0.65_d34_188891 30.55 41.13 0.2234 
f0.65_d34_73117 31.29 42.74 0.2267 
f0.65_d34_908733 32.48 44.09 0.2295 
f0.65_d34_303998 28.34 40.37 0.2208 
f0.65_d34_970945 31.27 42.54 0.2243 
f0.65_d34_94095 29.13 42.79 0.228 
f0.65_d34_941631 29.36 41.72 0.2294 
f0.65_d34_28397 27.85 41.05 0.2229 
f0.65_d34_182467 29.02 40.94 0.2162 
f0.65_d34_762121 29.93 40.21 0.2211 
f0.65_d34_969787 28.07 40.83 0.2192 
f0.65_d34_220413 29.19 41.15 0.2236 
f0.65_d34_71277 31.74 42.01 0.2187 
f0.65_d34_620773 27.73 41.29 0.2182 
f0.65_d34_192976 30.19 40.73 0.2243 
f0.65_d34_487672 30.33 43.33 0.2226 
f0.65_d34_219337 30.34 42.11 0.2207 
f0.65_d34_432889 28.84 41.12 0.2196 
f0.65_d34_442370 30.66 42.6 0.2319 
f0.65_d34_777509 28.75 41.91 0.2192 
f0.65_d34_79121 31.2 42.89 0.2232 
f0.65_d34_676154 30.26 41.38 0.2204 
f0.65_d34_561676 30.65 41.96 0.2238 
f0.65_d34_980200 29.88 42.2 0.2216 
f0.65_d34_640132 32.55 42.1 0.2248 
f0.65_d34_567911 26.85 40.02 0.2178 
f0.65_d34_223991 29.99 41.49 0.2293 
f0.65_d34_316681 29.21 40.47 0.2174 
f0.65_d34_311750 30.74 40.1 0.2266 
f0.65_d34_38515 31.03 41.53 0.2241 
f0.65_d34_567535 32.23 42.91 0.2231 
f0.65_d34_597793 28.42 41.29 0.2256 
f0.65_d34_652222 30.77 41.54 0.2217 
f0.65_d34_751696 30.11 42.15 0.2299 
f0.65_d34_162883 31.31 41.82 0.2299 
f0.65_d34_244591 29.95 41.64 0.2296 
f0.65_d34_494303 26.86 39.81 0.2244 
f0.65_d34_172225 29.64 41.97 0.2249 
f0.65_d34_802993 29.68 41.0 0.2223 
f0.65_d34_176622 30.54 40.41 0.219 
f0.65_d34_591375 27.87 40.18 0.2258 
f0.65_d45_70317 37.69 49.64 0.232 
f0.65_d45_580666 40.07 49.61 0.2164 
f0.65_d45_845213 38.97 49.46 0.2187 
f0.65_d45_833302 37.25 49.5 0.2248 
f0.65_d45_354166 39.08 48.91 0.225 
f0.65_d45_302597 39.95 51.75 0.2245 
f0.65_d45_405043 39.04 50.48 0.2261 
f0.65_d45_711100 36.42 51.84 0.2319 
f0.65_d45_803536 35.17 48.7 0.2289 
f0.65_d45_838825 37.19 49.87 0.2259 
f0.65_d45_169794 41.36 50.59 0.2209 
f0.65_d45_874203 37.8 48.92 0.2251 
f0.65_d45_414727 36.06 49.58 0.2191 
f0.65_d45_473836 40.07 49.16 0.2251 
f0.65_d45_409212 37.49 50.36 0.2196 
f0.65_d45_350736 42.0 52.29 0.2204 
f0.65_d45_734037 38.22 50.83 0.2242 
f0.65_d45_812236 39.39 49.95 0.222 
f0.65_d45_816637 36.67 48.33 0.222 
f0.65_d45_30362 40.34 51.58 0.2202 
f0.65_d45_973188 36.66 50.06 0.2226 
f0.65_d45_366516 36.22 49.04 0.2265 
f0.65_d45_807626 38.67 50.42 0.2224 
f0.65_d45_878950 37.44 50.11 0.226 
f0.65_d45_324575 40.01 50.17 0.2278 
f0.65_d45_318577 38.38 50.93 0.223 
f0.65_d45_242968 37.94 50.1 0.2308 
f0.65_d45_824626 41.55 51.83 0.2183 
f0.65_d45_470620 38.79 50.63 0.2252 
f0.65_d45_376389 38.28 48.98 0.2251 
f0.65_d45_671873 40.95 50.22 0.2184 
f0.65_d45_609631 38.56 49.46 0.226 
f0.65_d45_326228 38.41 49.16 0.2308 
f0.65_d45_652331 38.47 49.47 0.222 
f0.65_d45_39966 40.09 51.43 0.2193 
f0.65_d45_262009 37.52 50.32 0.2177 
f0.65_d45_510216 40.01 51.08 0.2224 
f0.65_d45_445734 40.18 51.46 0.2218 
f0.65_d45_755458 38.01 50.23 0.2207 
f0.65_d45_761590 39.28 50.81 0.2254 
f0.65_d45_528027 37.31 50.43 0.219 
f0.65_d45_468795 39.24 51.37 0.2184 
f0.65_d45_814539 39.45 50.34 0.2202 
f0.65_d45_873526 39.33 49.58 0.2189 
f0.65_d45_269685 39.03 50.11 0.2161 
f0.65_d45_7516 34.77 49.54 0.2231 
f0.65_d45_964745 37.18 49.11 0.2208 
f0.65_d45_313146 38.03 49.91 0.2305 
f0.65_d45_228494 36.69 51.4 0.2202 
f0.65_d45_452200 39.99 50.26 0.2269 
f0.65_d45_656433 36.56 48.36 0.2247 
f0.65_d45_752502 37.83 50.18 0.2185 
f0.65_d45_204232 38.64 50.9 0.2256 
f0.65_d45_122372 38.08 50.22 0.2304 
f0.65_d45_679667 39.34 51.08 0.23 
f0.65_d45_213713 38.83 50.36 0.2225 
f0.65_d45_444140 39.94 50.98 0.2186 
f0.65_d45_597097 38.76 50.37 0.2202 
f0.65_d45_742048 37.95 51.11 0.2302 
f0.65_d45_648501 35.91 48.42 0.2285 
f0.65_d45_653503 36.63 48.29 0.2271 
f0.65_d45_638115 38.35 50.2 0.2222 
f0.65_d45_729881 40.03 50.62 0.2256 
f0.65_d45_3906 37.46 50.53 0.2183 
f0.65_d45_963606 39.65 49.42 0.2165 
f0.65_d45_674257 39.91 50.78 0.2251 
f0.65_d45_699229 39.63 50.16 0.2174 
f0.8_d23_653022 24.1 33.81 0.2195 
f0.8_d23_930143 22.01 34.46 0.2161 
f0.8_d23_968418 23.17 31.83 0.2173 
f0.8_d23_747625 24.09 33.79 0.2206 
f0.8_d23_325141 21.59 34.19 0.2179 
f0.8_d23_904566 24.03 34.23 0.2229 
f0.8_d23_221152 22.94 33.36 0.216 
f0.8_d23_828436 22.8 34.4 0.2194 
f0.8_d23_821371 23.61 34.83 0.2201 
f0.8_d23_869337 22.41 32.85 0.218 
f0.8_d23_249041 24.72 33.42 0.2105 
f0.8_d23_816892 21.97 32.27 0.2192 
f0.8_d23_795031 24.25 34.17 0.2185 
f0.8_d23_978531 21.47 33.2 0.2207 
f0.8_d23_58643 24.51 33.42 0.2131 
f0.8_d23_820976 21.89 33.82 0.2226 
f0.8_d23_294971 23.06 32.47 0.2096 
f0.8_d23_132043 21.49 33.41 0.2194 
f0.8_d23_487822 22.11 34.32 0.2142 
f0.8_d23_707200 24.09 33.63 0.2108 
f0.8_d23_932875 24.69 34.37 0.2215 
f0.8_d23_718970 24.05 34.05 0.2214 
f0.8_d23_278092 21.89 33.25 0.2213 
f0.8_d23_574447 23.53 33.91 0.224 
f0.8_d23_533214 23.39 32.01 0.2181 
f0.8_d23_882888 21.7 34.31 0.2132 
f0.8_d23_64814 23.04 33.67 0.2208 
f0.8_d23_198874 22.61 33.38 0.2194 
f0.8_d23_555704 23.7 33.97 0.2158 
f0.8_d23_951764 25.29 34.27 0.2191 
f0.8_d23_779010 24.58 32.97 0.219 
f0.8_d23_692867 21.51 33.73 0.2228 
f0.8_d23_337151 20.08 32.11 0.2144 
f0.8_d23_754052 23.88 33.85 0.2221 
f0.8_d23_976513 20.7 33.09 0.2194 
f0.8_d23_18775 23.68 33.35 0.2138 
f0.8_d23_152276 19.53 32.0 0.2141 
f0.8_d23_35816 20.65 33.43 0.2166 
f0.8_d23_398489 23.88 34.97 0.2176 
f0.8_d23_951212 22.49 33.53 0.2241 
f0.8_d23_789681 25.94 35.25 0.2224 
f0.8_d23_219859 21.36 32.29 0.2102 
f0.8_d23_908139 21.39 33.45 0.2151 
f0.8_d23_85547 21.33 34.01 0.2146 
f0.8_d23_349780 21.47 32.29 0.2177 
f0.8_d23_680589 24.45 34.81 0.2209 
f0.8_d23_61933 23.35 31.67 0.2144 
f0.8_d23_502428 23.24 32.43 0.2131 
f0.8_d23_18730 21.01 33.47 0.2151 
f0.8_d23_668641 25.77 33.89 0.2189 
f0.8_d23_796533 21.14 32.62 0.2102 
f0.8_d23_569622 24.88 33.04 0.2138 
f0.8_d23_339982 20.58 32.07 0.2165 
f0.8_d23_510602 20.68 33.1 0.2205 
f0.8_d23_837168 23.08 32.95 0.2209 
f0.8_d23_759378 21.92 32.52 0.2128 
f0.8_d23_537244 21.76 33.52 0.2137 
f0.8_d23_552172 23.96 32.57 0.2221 
f0.8_d23_864120 23.22 33.92 0.2145 
f0.8_d23_604494 22.48 33.06 0.2131 
f0.8_d23_435622 21.56 33.5 0.2152 
f0.8_d23_269175 22.73 33.69 0.2176 
f0.8_d23_725368 22.91 32.49 0.2147 
f0.8_d23_163798 23.45 32.91 0.2156 
f0.8_d23_415133 23.74 33.68 0.2117 
f0.8_d23_789769 24.16 33.9 0.2291 
f0.8_d23_720881 25.92 34.39 0.2201 
f0.8_d34_939308 31.42 43.33 0.2226 
f0.8_d34_898098 31.7 43.27 0.2191 
f0.8_d34_950933 30.44 42.32 0.2259 
f0.8_d34_942721 33.06 44.38 0.2256 
f0.8_d34_609241 30.57 41.29 0.2193 
f0.8_d34_807619 31.09 42.58 0.2209 
f0.8_d34_827516 33.95 44.16 0.2237 
f0.8_d34_990524 32.72 44.0 0.2296 
f0.8_d34_345427 31.79 42.81 0.2229 
f0.8_d34_554911 32.61 44.53 0.2235 
f0.8_d34_127095 29.89 42.71 0.2224 
f0.8_d34_186280 29.37 41.22 0.2281 
f0.8_d34_806758 31.9 42.45 0.2228 
f0.8_d34_692213 30.05 42.04 0.2248 
f0.8_d34_389595 29.47 41.3 0.2269 
f0.8_d34_719315 29.26 42.4 0.2244 
f0.8_d34_390030 32.28 42.33 0.226 
f0.8_d34_995199 31.73 42.89 0.2251 
f0.8_d34_234659 33.44 43.33 0.2257 
f0.8_d34_55616 30.95 42.66 0.2249 
f0.8_d34_319417 33.12 42.37 0.2195 
f0.8_d34_553166 35.25 43.73 0.2264 
f0.8_d34_236725 31.88 42.13 0.225 
f0.8_d34_181333 31.52 42.8 0.2248 
f0.8_d34_833562 32.58 42.67 0.2243 
f0.8_d34_254263 31.78 42.4 0.2277 
f0.8_d34_181862 32.57 42.88 0.2263 
f0.8_d34_360932 30.5 42.29 0.2169 
f0.8_d34_106611 31.79 43.04 0.2255 
f0.8_d34_367909 30.72 42.16 0.2292 
f0.8_d34_672622 35.81 44.65 0.2214 
f0.8_d34_356336 33.41 43.32 0.2194 
f0.8_d34_578367 32.71 42.73 0.2259 
f0.8_d34_691058 29.66 43.01 0.2276 
f0.8_d34_58349 31.97 41.86 0.2205 
f0.8_d34_137536 29.76 41.61 0.2177 
f0.8_d34_433766 28.79 41.26 0.22 
f0.8_d34_196123 31.0 41.84 0.2241 
f0.8_d34_439199 34.75 44.13 0.228 
f0.8_d34_434175 33.52 43.48 0.2252 
f0.8_d34_512370 30.34 43.61 0.2224 
f0.8_d34_343778 31.28 42.65 0.2259 
f0.8_d34_464677 30.57 41.68 0.2191 
f0.8_d34_752352 31.71 44.12 0.227 
f0.8_d34_498893 34.25 43.92 0.2233 
f0.8_d34_165953 32.89 42.9 0.2237 
f0.8_d34_703378 30.44 42.26 0.2229 
f0.8_d34_763591 31.92 42.55 0.2259 
f0.8_d34_669060 30.99 42.5 0.2237 
f0.8_d34_100079 32.14 43.61 0.2259 
f0.8_d34_295272 30.88 41.9 0.2235 
f0.8_d34_975640 32.27 42.05 0.2228 
f0.8_d34_295082 32.77 42.59 0.2203 
f0.8_d34_41975 32.14 42.5 0.2252 
f0.8_d34_533936 28.78 40.89 0.2219 
f0.8_d34_179591 33.73 43.76 0.2209 
f0.8_d34_94031 30.5 42.24 0.2232 
f0.8_d34_692836 29.25 42.71 0.2247 
f0.8_d34_106588 30.42 40.7 0.2261 
f0.8_d34_374600 28.6 41.13 0.227 
f0.8_d34_278404 29.25 42.85 0.2213 
f0.8_d34_678070 31.45 42.24 0.2253 
f0.8_d34_791189 33.57 43.16 0.2229 
f0.8_d34_979719 31.01 43.83 0.2297 
f0.8_d34_298432 29.9 42.97 0.2281 
f0.8_d34_189624 29.29 41.84 0.2237 
f0.8_d34_41625 31.46 43.0 0.2236 
f0.8_d45_796002 41.71 52.54 0.2178 
f0.8_d45_575955 43.8 53.22 0.2245 
f0.8_d45_977420 41.15 51.57 0.2215 
f0.8_d45_799706 41.47 52.51 0.223 
f0.8_d45_766643 41.36 52.33 0.2265 
f0.8_d45_913796 44.99 54.86 0.2196 
f0.8_d45_637284 42.61 52.65 0.2201 
f0.8_d45_774468 39.43 52.63 0.2211 
f0.8_d45_719788 43.21 54.64 0.2223 
f0.8_d45_746473 39.44 52.05 0.224 
f0.8_d45_69870 41.09 51.64 0.2208 
f0.8_d45_63107 38.39 50.24 0.2197 
f0.8_d45_392582 41.53 52.15 0.2269 
f0.8_d45_460167 39.8 50.88 0.227 
f0.8_d45_732198 39.41 49.79 0.2231 
f0.8_d45_143962 41.92 52.68 0.2231 
f0.8_d45_923746 40.33 51.69 0.2241 
f0.8_d45_181411 38.02 50.97 0.2259 
f0.8_d45_18488 39.82 51.97 0.2247 
f0.8_d45_731626 41.16 52.8 0.2238 
f0.8_d45_309322 41.94 52.94 0.2217 
f0.8_d45_652097 44.67 54.17 0.2227 
f0.8_d45_785968 40.16 53.22 0.2244 
f0.8_d45_832179 41.47 52.25 0.2213 
f0.8_d45_747342 40.1 52.02 0.2235 
f0.8_d45_393673 41.27 52.32 0.2226 
f0.8_d45_94027 42.53 53.03 0.2204 
f0.8_d45_643094 39.1 51.09 0.229 
f0.8_d45_134347 43.92 54.07 0.2213 
f0.8_d45_274304 37.41 50.47 0.228 
f0.8_d45_810254 41.87 52.25 0.22 
f0.8_d45_907288 38.77 51.88 0.2242 
f0.8_d45_691519 39.13 51.1 0.2236 
f0.8_d45_773407 39.15 51.28 0.2266 
f0.8_d45_306642 39.99 51.54 0.2243 
f0.8_d45_121706 40.07 51.93 0.2324 
f0.8_d45_201255 36.41 50.49 0.2248 
f0.8_d45_474639 41.37 52.37 0.2236 
f0.8_d45_743895 36.71 49.72 0.2251 
f0.8_d45_588007 38.69 50.93 0.2245 
f0.8_d45_32979 42.47 52.24 0.2238 
f0.8_d45_439254 42.13 53.2 0.2218 
f0.8_d45_802926 40.47 50.18 0.2239 
f0.8_d45_12574 42.2 51.11 0.2196 
f0.8_d45_635494 39.7 51.25 0.2256 
f0.8_d45_662942 43.58 53.41 0.2203 
f0.8_d45_864368 39.48 51.14 0.2241 
f0.8_d45_203528 40.54 52.23 0.2156 
f0.8_d45_976376 40.34 52.36 0.2277 
f0.8_d45_469754 40.39 50.59 0.2172 
f0.8_d45_107340 40.96 51.46 0.2195 
f0.8_d45_660923 39.81 51.28 0.225 
f0.8_d45_933075 38.51 51.98 0.2285 
f0.8_d45_415941 38.81 50.56 0.2228 
f0.8_d45_702946 41.68 52.09 0.218 
f0.8_d45_638944 40.92 52.4 0.2205 
f0.8_d45_80459 39.92 50.54 0.2241 
f0.8_d45_862984 41.86 52.41 0.218 
f0.8_d45_148557 42.12 52.4 0.2213 
f0.8_d45_768055 38.66 50.45 0.2236 
f0.8_d45_696908 39.67 52.0 0.2219 
f0.8_d45_19133 41.46 51.16 0.2277 
mask_1000 17.51871 29.7421875 0.21321839206501358
mask_1001 19.658934 29.884765625 0.20003562163871608
mask_1002 18.85535 29.80859375 0.20406834233459364
mask_1003 17.852726 29.541015625 0.21355728258398612
mask_1004 18.731638 30.205078125 0.213118919088481
mask_1005 17.702262 29.9228515625 0.20936920002516854
mask_1006 19.923894 28.9453125 0.20691609248604995
mask_1007 20.156662 30.3896484375 0.217892744480253
mask_1008 21.35071 33.94921875 0.2174776423389865
mask_1009 19.805878 30.421875 0.21518382545345982
mask_1010 22.063798 33.2236328125 0.22590328505336535
mask_1011 28.785654 40.1298828125 0.22815149501357654
mask_1012 26.98495 38.4482421875 0.22373839487933128
mask_1013 24.780982 37.2978515625 0.21623251474512062
mask_1014 34.977398 46.1728515625 0.2248204559445597
mask_1015 37.008246 49.53515625 0.22074410710894574
mask_1016 21.737078 30.1787109375 0.21532007163432354
mask_1017 19.008118 30.6201171875 0.21591466902153558
mask_1018 21.002486 30.7353515625 0.21566026398678464
mask_1019 19.880374 30.904296875 0.21005973308547873
mask_1020 19.506742 31.7998046875 0.21593211206729743
mask_1021 19.915126 31.2568359375 0.2181702997171688
mask_1022 17.192246 29.8193359375 0.21080799608861464
mask_1023 21.681526 30.9453125 0.2052338202103627
mask_1024 18.863542 33.3857421875 0.20357233435983046
mask_1025 20.912438 30.611328125 0.2186886671134179
mask_1026 19.530934 31.1201171875 0.2134017039229347
mask_1027 21.703286 33.6259765625 0.2205309844241742
mask_1028 19.397878 30.623046875 0.21955083654547256
mask_1029 20.586166 31.3583984375 0.2109680416914742
mask_1030 20.455862 31.09765625 0.22555808946290437
mask_1031 22.145974 33.4248046875 0.22569999045707467
mask_1032 24.307062 34.259765625 0.21695265472097744
mask_1033 29.83871 39.8681640625 0.22499246880927534
mask_1034 28.88095 39.34375 0.22062014768893762
mask_1035 27.460854 39.0185546875 0.22010934189917786
mask_1036 28.683958 39.1943359375 0.2239195064287455
mask_1037 31.136758 42.6455078125 0.23328344005462262
mask_1038 27.438006 38.712890625 0.2232528580118119
mask_1039 36.341366 47.7333984375 0.22040064465952194
mask_1040 35.896054 49.38671875 0.22876804117062266
mask_1041 18.630006 29.3642578125 0.20813516460862688
mask_1042 23.736118 36.625 0.21825113643718952
mask_1043 19.42495 31.4580078125 0.21060609316795406
mask_1044 18.470646 31.7197265625 0.21505268834166083
mask_1045 19.568246 30.1318359375 0.21227763598622265
mask_1046 20.70623 32.453125 0.21919903690344195
mask_1047 20.106806 30.615234375 0.21884933779462604
mask_1048 20.503222 31.1826171875 0.21600841336842327
mask_1049 20.772278 30.212890625 0.21850534937525656
mask_1050 21.865654 31.6884765625 0.21282128352172222
mask_1051 22.131702 32.5849609375 0.22250241007883
mask_1052 20.544502 30.310546875 0.21192244570778423
mask_1053 21.395062 33.9501953125 0.22517900747797698
mask_1054 19.37855 31.158203125 0.2087704958907871
mask_1055 19.975478 31.521484375 0.2206461855509988
mask_1056 19.97919 32.0888671875 0.21725112420827797
mask_1057 25.152502 37.2294921875 0.2214331761152513
mask_1058 28.899766 40.5517578125 0.2236277501840345
mask_1059 27.918198 38.466796875 0.22065959184537612
mask_1060 29.228534 38.7490234375 0.2241235153461311
mask_1061 30.066422 40.5576171875 0.2246800125445629
mask_1062 32.45727 44.9677734375 0.2243094444610204
mask_1063 27.269366 39.3388671875 0.22450902362986297
mask_1064 29.389622 42.458984375 0.22889403096449285
mask_1065 28.222198 39.818359375 0.2229790854167544
mask_1066 28.393718 40.33203125 0.22372428092867624
mask_1067 35.675318 47.29296875 0.2187450382841072
mask_1068 35.701942 48.0869140625 0.2247424708866749
mask_1069 21.998326 32.90625 0.20840910762697334
mask_1070 19.351286 30.396484375 0.210553754344716
mask_1071 18.76063 30.6103515625 0.20538640154393117
mask_1072 22.13599 30.9453125 0.20390896215128992
mask_1073 21.259638 30.8515625 0.21601130589427237
mask_1074 19.557686 31.1025390625 0.2127587722124159
mask_1075 23.10591 31.0 0.20755782630754585
mask_1076 20.161206 32.7294921875 0.20712602840926797
mask_1077 18.903926 31.453125 0.21828168901496448
mask_1078 23.696694 36.6787109375 0.2272837732984544
mask_1079 23.206198 34.1259765625 0.2110322660054239
mask_1080 21.308406 32.0615234375 0.22274957117186792
mask_1081 20.739766 31.046875 0.21758789693496275
mask_1082 21.179766 31.23828125 0.21739559511069964
mask_1083 22.78111 33.384765625 0.21712777069252215
mask_1084 22.65183 35.322265625 0.2235313902584358
mask_1085 20.253366 32.28125 0.21987469461233627
mask_1086 21.526838 32.107421875 0.21896034559210073
mask_1087 21.465718 32.0869140625 0.2162669006471152
mask_1088 26.479542 38.9169921875 0.2225818191680199
mask_1089 22.059126 34.2080078125 0.2141699792183152
mask_1090 26.910774 39.0966796875 0.22247028465488225
mask_1091 29.636598 39.97265625 0.22259795417787798
mask_1092 26.869174 38.51171875 0.225936704485826
mask_1093 32.561014 45.875 0.2201026424965891
mask_1094 28.18239 39.87890625 0.22832668666808706
mask_1095 27.742902 40.466796875 0.22828089841724308
mask_1096 29.420662 41.25390625 0.22451188047203915
mask_1097 33.74527 46.138671875 0.22607570118451942
mask_1098 21.091574 32.0732421875 0.211989920140988
mask_1099 18.86591 30.755859375 0.20635229747218728
mask_1100 16.59711 29.11328125 0.2088404967400197
mask_1101 18.958262 28.9423828125 0.21052555092008943
mask_1102 20.442486 31.509765625 0.21482318212870985
mask_1103 20.478774 30.7041015625 0.20995108141003235
mask_1104 22.380726 32.0302734375 0.21390154629572836
mask_1105 20.539894 32.693359375 0.21058177939910452
mask_1106 18.930614 32.19921875 0.21641153886771516
mask_1107 26.388534 35.09765625 0.21439232528163243
mask_1108 20.414966 30.3349609375 0.21147917600009872
mask_1109 18.974902 30.6103515625 0.21878760001880482
mask_1110 23.640566 33.330078125 0.2184050115150811
mask_1111 21.169974 32.4580078125 0.217300264034335
mask_1112 22.219958 34.3017578125 0.22164986800270886
mask_1113 24.604854 35.744140625 0.21412667507823924
mask_1114 26.837046 38.7119140625 0.22188057235070782
mask_1115 30.305846 40.7666015625 0.2212561506018406
mask_1116 30.521078 41.3984375 0.22554487882648344
mask_1117 21.19679 29.712890625 0.2089383048638445
mask_1118 17.502582 29.6171875 0.21178702572567937
mask_1119 19.404406 29.802734375 0.2062078401620593
mask_1120 17.464374 29.78515625 0.2133335112500892
mask_1121 18.806646 29.990234375 0.21020150076845692
mask_1122 18.358774 30.4970703125 0.2132983513723227
mask_1123 20.958454 29.6591796875 0.20345395393901902
mask_1124 16.496694 29.14453125 0.2064466074607581
mask_1125 18.452022 29.4423828125 0.20700246659944013
mask_1126 18.802486 29.6123046875 0.21666429056103428
mask_1127 19.978486 31.1650390625 0.22139093597673723
mask_1128 20.40703 30.18359375 0.21245251158975845
mask_1129 19.650294 30.2197265625 0.2110813443865812
mask_1130 18.953142 30.7421875 0.222549416263409
mask_1131 20.93279 30.80078125 0.2192295953802563
mask_1132 19.887542 31.541015625 0.21127774518958112
mask_1133 21.908918 32.787109375 0.217872337013428
mask_1134 20.631414 31.2041015625 0.21323303499181268
mask_1135 20.74815 31.5224609375 0.2211820173233676
mask_1136 21.618038 32.791015625 0.22258921506263366
mask_1137 22.063862 32.310546875 0.22043128866856343
mask_1138 24.72191 37.501953125 0.2257169517902871
mask_1139 26.031222 37.513671875 0.22013413016625458
mask_1140 29.720886 40.0390625 0.22626392408627768
mask_1141 28.11199 38.994140625 0.22495212162906253
mask_1142 29.276854 40.5712890625 0.22868886681084766
mask_1143 29.81183 40.755859375 0.22634281743482534
mask_1144 28.699574 40.173828125 0.2253347876034833
mask_1145 33.540598 46.4775390625 0.22001100456063388
mask_1146 35.93119 48.099609375 0.2246170168668318
mask_1147 31.290486 44.2060546875 0.2175000819151868
mask_1148 20.786294 31.9892578125 0.20623770569028377
mask_1149 22.650614 31.7294921875 0.20826546563615186
mask_1150 18.948406 30.33203125 0.20939895406802905
mask_1151 19.236534 31.31640625 0.21717052963104597
mask_1152 20.320694 31.150390625 0.21800819976586405
mask_1153 18.085366 29.21484375 0.20874534589872462
mask_1154 21.862262 33.8525390625 0.2201210412329944
mask_1155 19.768758 33.2509765625 0.22450145386204293
mask_1156 19.969718 30.9111328125 0.21318765025144118
mask_1157 19.25407 30.46484375 0.21034279938082448
mask_1158 19.631542 30.115234375 0.20840940333342708
mask_1159 25.043638 34.4609375 0.2126879434700222
mask_1160 22.555574 31.8603515625 0.22483565802847075
mask_1161 19.894454 31.0126953125 0.2085706967797908
mask_1162 22.513846 34.296875 0.222615276946806
mask_1163 20.611702 32.296875 0.21746472996673313
mask_1164 20.253302 32.185546875 0.21924632302149238
mask_1165 24.510262 35.744140625 0.22207303207745166
mask_1166 28.774198 37.5498046875 0.22711325406008456
mask_1167 29.92287 39.595703125 0.22515495309868783
mask_1168 27.214454 40.2744140625 0.23287469960708077
mask_1169 29.532662 40.71484375 0.22251310944631006
mask_1170 28.70975 41.93359375 0.21706393914584113
mask_1171 28.307638 42.783203125 0.21623113052051546
mask_1172 30.890102 43.8623046875 0.21987610288612275
mask_1173 32.875126 45.931640625 0.22328702492639874
mask_1174 22.246518 31.3388671875 0.20710399174122768
mask_1175 19.59199 30.6123046875 0.20769732055370868
mask_1176 20.031414 31.248046875 0.21470547735958023
mask_1177 20.07359 31.34765625 0.20711755557070652
mask_1178 24.690614 36.1572265625 0.21920072054776574
mask_1179 18.569334 30.599609375 0.20637937682842414
mask_1180 21.809334 30.3916015625 0.20336668422768936
mask_1181 19.172918 31.8876953125 0.21238614627298763
mask_1182 21.35935 31.65625 0.21299411371070703
mask_1183 19.902582 31.0751953125 0.20962186891467924
mask_1184 20.511222 31.3173828125 0.21484598084966178
mask_1185 23.81983 34.0439453125 0.216482745026267
mask_1186 20.058038 30.3984375 0.2153632749249068
mask_1187 20.30495 32.0478515625 0.22455007345064476
mask_1188 19.316918 31.5615234375 0.21793610155309454
mask_1189 21.26687 32.4892578125 0.21329038366234299
mask_1190 20.536694 30.93359375 0.21920063287951252
mask_1191 20.573302 32.1455078125 0.22041180972665186
mask_1192 21.869558 37.259765625 0.22154333250387814
mask_1193 22.690614 33.8798828125 0.21646248662073433
mask_1194 20.507318 31.875 0.22031293989304676
mask_1195 22.867958 32.7490234375 0.22255517478028813
mask_1196 19.582518 31.77734375 0.2172384901056316
mask_1197 21.417142 32.0712890625 0.21421483776804012
mask_1198 22.159542 32.4228515625 0.21004508287099985
mask_1199 20.631222 31.8017578125 0.2212904122104711
mask_1200 17.125622 30.12890625 0.21099225017348866
mask_1201 22.03071 32.298828125 0.21252900258720508
mask_1202 18.471414 29.91796875 0.21482637898573842
mask_1203 17.798518 28.68359375 0.19355822852536156
mask_1204 16.991734 29.0546875 0.2027016100619541
mask_1205 17.84255 30.671875 0.21664882705081726
mask_1206 20.524278 29.625 0.20524398024213958
mask_1207 19.83615 30.0107421875 0.21280038742975566
mask_1208 21.033142 30.4765625 0.21290907958499455
mask_1209 18.457654 30.419921875 0.21678004456403152
mask_1210 23.263542 34.9091796875 0.22399276211168012
mask_1211 20.212726 32.3466796875 0.21953915979996685
mask_1212 21.920822 32.0341796875 0.21724905298536967
mask_1213 29.810038 42.171875 0.2254759895853745
mask_1214 28.413814 40.80859375 0.22576087221741015
mask_1215 20.969782 29.5009765625 0.20921911396770018
mask_1216 20.36383 30.1201171875 0.21016482004645606
mask_1217 19.734582 29.1875 0.2088062455841837
mask_1218 18.418806 28.9912109375 0.20706373137358292
mask_1219 19.598838 31.146484375 0.21843031499411547
mask_1220 20.627382 32.1640625 0.21049764482748082
mask_1221 21.065718 32.689453125 0.21004839404764752
mask_1222 17.71135 29.6025390625 0.21302387050477367
mask_1223 20.79615 30.5546875 0.2095635459866565
mask_1224 20.606006 30.0810546875 0.21139156332673578
mask_1225 24.543862 34.5634765625 0.22088760537684493
mask_1226 21.386486 31.9169921875 0.2198020620204091
mask_1227 19.130934 30.1123046875 0.2151487148330521
mask_1228 21.829366 31.4921875 0.22604793066056333
mask_1229 21.271734 31.52734375 0.22268189612372452
mask_1230 23.900662 33.3857421875 0.22422117659459218
mask_1231 19.329398 30.958984375 0.21500976256663842
mask_1232 23.90111 32.791015625 0.2193579553920327
mask_1233 20.818998 30.3115234375 0.2105421526643047
mask_1234 21.220022 32.6103515625 0.21635222839312693
mask_1235 24.446198 36.181640625 0.22464889802384774
mask_1236 28.408182 40.5634765625 0.2315160179973092
mask_1237 29.920758 40.708984375 0.22272336463135006
mask_1238 27.517942 38.015625 0.22295411081330466
mask_1239 29.00223 39.5751953125 0.22651413448248148
mask_1240 26.30815 36.845703125 0.21851244459600982
mask_1241 28.721654 38.7724609375 0.2147146793285857
mask_1242 36.751862 47.5146484375 0.2235991171799144
mask_1243 36.689718 47.791015625 0.22724222695559293
mask_1244 20.95295 31.4619140625 0.21113626773684652
mask_1245 19.143734 30.9765625 0.211242671716941
mask_1246 19.38591 30.1171875 0.20945676500205132
mask_1247 18.432246 32.9580078125 0.21310533605478765
mask_1248 21.643958 30.8037109375 0.22177324526937364
mask_1249 20.988342 31.5966796875 0.21299179188564593
mask_1250 20.127478 29.3779296875 0.21104534777884265
mask_1251 20.374582 31.08984375 0.2165160885547804
mask_1252 19.278134 29.380859375 0.20820860354241486
mask_1253 20.614902 30.259765625 0.21032694685562658
mask_1254 20.67103 32.0341796875 0.2096164464603837
mask_1255 21.292022 30.806640625 0.22133312969770066
mask_1256 19.793334 31.0908203125 0.22056714114708642
mask_1257 20.217206 30.9853515625 0.21636874977467058
mask_1258 19.62111 29.8310546875 0.2136923280736428
mask_1259 23.572214 34.8525390625 0.2178491431866247
mask_1260 20.663158 32.48046875 0.21991819589550457
mask_1261 22.110262 32.478515625 0.21284185491297777
mask_1262 19.714998 30.8115234375 0.2185058566666779
mask_1263 21.419702 32.966796875 0.21917660693925206
mask_1264 24.744694 37.95703125 0.22507091601902393
mask_1265 28.741622 38.0068359375 0.21513822702937083
mask_1266 27.92415 37.5693359375 0.21943538606841895
mask_1267 24.27807 36.6494140625 0.2143979892708049
mask_1268 27.250294 38.109375 0.22099637310022457
mask_1269 26.86655 39.533203125 0.22984369660765552
mask_1270 24.641398 35.8369140625 0.2225112016294122
mask_1271 26.586614 39.1826171875 0.22191793536444726
mask_1272 37.318198 47.80859375 0.2184448039826715
mask_1273 37.24767 50.6142578125 0.22765109098266348
mask_1274 19.578678 29.62890625 0.19690699987183197
mask_1275 19.112822 30.95703125 0.21539165109246028
mask_1276 22.499126 32.412109375 0.21230758660350937
mask_1277 18.939318 32.16015625 0.2071932577091429
mask_1278 21.086966 29.6298828125 0.2071267455613248
mask_1279 17.839158 31.28515625 0.20722117274403243
mask_1280 18.277622 30.888671875 0.21184335777999255
mask_1281 18.318646 29.3876953125 0.20945101468048175
mask_1282 20.387126 30.693359375 0.21064400754682805
mask_1283 21.288374 32.6884765625 0.22118755600260043
mask_1284 19.366454 31.00390625 0.21072004298907576
mask_1285 20.94719 30.865234375 0.21753192438386248
mask_1286 20.266934 31.26171875 0.21712381543558604
mask_1287 20.71071 31.7099609375 0.21446650597816702
mask_1288 21.65279 31.8642578125 0.21173060635387395
mask_1289 22.647862 33.5869140625 0.21655235598504638
mask_1290 21.924214 33.841796875 0.22291241708019152
mask_1291 21.256758 33.330078125 0.21270523235544417
mask_1292 24.012982 35.93359375 0.2235014950339558
mask_1293 26.912822 38.3896484375 0.23008163367040674
mask_1294 29.032182 39.5107421875 0.2270637531483347
mask_1295 28.161846 38.794921875 0.22593213763098696
mask_1296 27.819638 39.599609375 0.22352215569332817
mask_1297 27.350902 38.029296875 0.22455253718738855
mask_1298 26.407862 39.0654296875 0.21984253764681047
mask_1299 27.170358 38.6962890625 0.2230519066700211
mask_1300 16.610358 29.1923828125 0.20385654489860833
mask_1301 20.600182 30.52734375 0.21405049339012247
mask_1302 18.225206 28.9150390625 0.20951676242064385
mask_1303 18.143478 28.396484375 0.20707583387285855
mask_1304 17.509814 28.7685546875 0.20665227569686007
mask_1305 19.610678 28.8974609375 0.20747324370298692
mask_1306 22.227318 33.24609375 0.22285741783727087
mask_1307 19.139254 29.2216796875 0.2061503577080486
mask_1308 20.565238 30.55078125 0.21544595672633599
mask_1309 19.796982 31.4541015625 0.21300581930278065
mask_1310 17.422838 30.248046875 0.21231889509586707
mask_1311 19.682358 30.5888671875 0.21689833318988755
mask_1312 21.61983 32.35546875 0.21471370302448503
mask_1313 22.226038 32.6728515625 0.2187591192187768
mask_1314 25.730742 36.533203125 0.22678143517299174
mask_1315 27.573878 40.041015625 0.22440353316508552
mask_1316 31.460214 42.8056640625 0.23207896053568675
mask_1317 21.28639 29.8076171875 0.21154703014127127
mask_1318 18.407862 30.462890625 0.2098857571987106
mask_1319 20.394934 29.693359375 0.2048311787371338
mask_1320 17.759734 28.8681640625 0.209033796653663
mask_1321 16.998966 29.03515625 0.20808196303545176
mask_1322 18.766646 29.736328125 0.21266778900692468
mask_1323 16.869814 29.59375 0.2025603898561134
mask_1324 19.537526 30.603515625 0.22546498455283534
mask_1325 18.10751 29.3681640625 0.20159460785001027
mask_1326 17.788278 29.8017578125 0.2135326137272756
mask_1327 20.432438 31.5927734375 0.22011948068280213
mask_1328 17.032758 28.9130859375 0.20364697868537007
mask_1329 20.109878 30.9287109375 0.22053963201298254
mask_1330 21.855798 29.8837890625 0.2091888071648766
mask_1331 19.914614 29.1953125 0.2120217283388638
mask_1332 19.497206 30.68359375 0.21915638958353564
mask_1333 25.461814 36.7998046875 0.22719936570523025
mask_1334 19.874166 31.111328125 0.22242580838120476
mask_1335 19.103158 29.7939453125 0.21398304470720939
mask_1336 24.81119 35.494140625 0.22524548087781637
mask_1337 26.004406 34.2509765625 0.22237823259130882
mask_1338 21.225782 31.626953125 0.22228914233318642
mask_1339 25.306614 34.0625 0.21488757016938423
mask_1340 19.741686 30.84765625 0.2142180303125576
mask_1341 23.784758 36.2099609375 0.22619079718753507
mask_1342 26.24447 37.212890625 0.22201352265219274
mask_1343 27.612022 39.4140625 0.22064702501485145
mask_1344 27.243382 38.7578125 0.22088650767534582
mask_1345 33.02975 45.765625 0.22888952461513085
mask_1346 36.561654 49.365234375 0.2223210713748869
mask_1347 18.980086 29.8408203125 0.2115447982024482
mask_1348 21.72959 31.958984375 0.21258944265050247
mask_1349 17.64575 29.00390625 0.19923145810554138
mask_1350 17.635702 29.55078125 0.20822470104217183
mask_1351 17.236918 29.6982421875 0.21035027079487162
mask_1352 20.69567 29.267578125 0.20632792794543178
mask_1353 21.485174 29.9990234375 0.2086566102043437
mask_1354 26.088182 35.173828125 0.22012812360272643
mask_1355 18.84767 29.6494140625 0.21659638901606326
mask_1356 19.602742 30.7578125 0.20977133062436001
mask_1357 21.394934 31.18359375 0.22570774770416238
mask_1358 20.66879 30.0673828125 0.2143186410851254
mask_1359 20.460214 31.2109375 0.21774119293613542
mask_1360 22.212022 33.1513671875 0.217958383666127
mask_1361 23.312182 32.9912109375 0.21880056039366638
mask_1362 21.792374 34.1708984375 0.22766654253026006
mask_1363 20.95007 33.2333984375 0.21468878135245742
mask_1364 22.227574 33.6162109375 0.21931525103482094
mask_1365 29.074422 37.732421875 0.22150748410388366
mask_1366 26.487862 38.154296875 0.2270808589456273
mask_1367 30.161334 40.8056640625 0.22097816103681928
mask_1368 28.246582 39.19140625 0.22654569517597703
mask_1369 25.423094 37.244140625 0.22279640250456414
mask_1370 29.18751 39.5341796875 0.22973721469263297
mask_1371 38.570102 48.556640625 0.21859499521288137
mask_1372 34.347446 48.3408203125 0.22856017969812073
mask_1373 20.24255 30.759765625 0.2119172545262261
mask_1374 17.432758 29.4287109375 0.21089662783416455
mask_1375 18.66015 29.587890625 0.2111027068813969
mask_1376 18.470006 30.1875 0.21461207060925627
mask_1377 20.48575 29.1337890625 0.20375561716049323
mask_1378 19.962422 29.9296875 0.20946650270842662
mask_1379 20.132854 30.583984375 0.20997172660771807
mask_1380 20.268214 29.7861328125 0.21086861274123656
mask_1381 19.870774 30.6533203125 0.21433336565455158
mask_1382 18.642486 30.474609375 0.21494440188565314
mask_1383 20.448374 32.4931640625 0.22475987671207712
mask_1384 20.85631 31.82421875 0.21947606801692549
mask_1385 20.716278 31.2724609375 0.21237025446928123
mask_1386 21.208246 31.7958984375 0.2209964091311984
mask_1387 23.471798 36.078125 0.21082679517089503
mask_1388 19.661814 31.1259765625 0.21630708731862028
mask_1389 21.64575 35.478515625 0.22345849893494776
mask_1390 18.377654 30.6611328125 0.22008697274015193
mask_1391 20.519542 32.232421875 0.21922937167693887
mask_1392 20.526518 31.443359375 0.2208028684248812
mask_1393 21.054966 32.462890625 0.2188899695777293
mask_1394 18.833782 32.7421875 0.21753816767686007
mask_1395 19.179318 31.2265625 0.21404119940101093
mask_1396 20.81599 32.8798828125 0.21319834527057624
mask_1397 27.106422 39.064453125 0.22427888537944404
mask_1398 27.928822 37.3212890625 0.22086042975279607
mask_1399 28.155638 36.67578125 0.22588294947063173
mask_1400 17.467894 29.2529296875 0.20878290111657022
mask_1401 18.996534 29.1904296875 0.21407617432651785
mask_1402 18.564534 28.9228515625 0.20540074277177747
mask_1403 16.24095 28.1591796875 0.20639846662665348
mask_1404 18.75039 29.6474609375 0.20885380544103646
mask_1405 22.765558 34.0927734375 0.20188488650440872
mask_1406 20.270326 29.1201171875 0.2076093121117018
mask_1407 17.203254 29.423828125 0.21516992294492188
mask_1408 18.26111 29.97265625 0.2160066698577312
mask_1409 19.299446 29.861328125 0.2121759536741165
mask_1410 20.796214 30.4697265625 0.2187382850496337
mask_1411 18.800886 31.029296875 0.21808090149295464
mask_1412 21.20031 31.66796875 0.21714417461296084
mask_1413 21.180342 31.359375 0.21878672839208232
mask_1414 17.722998 29.75 0.21130462541609363
mask_1415 22.078518 31.98828125 0.22136588013637096
mask_1416 26.480054 36.626953125 0.22820011296498374
mask_1417 26.880758 39.0693359375 0.2277639716320268
mask_1418 27.97311 38.1572265625 0.2283467403312863
mask_1419 21.56415 30.3896484375 0.2131334764911185
mask_1420 21.282678 32.2001953125 0.21169675529436127
mask_1421 18.217462 31.8017578125 0.2037155074721027
mask_1422 20.160182 29.4482421875 0.2036721757962013
mask_1423 16.788342 29.03515625 0.21070684876137122
mask_1424 18.141238 29.2919921875 0.20702278484168024
mask_1425 17.18303 28.67578125 0.2056087799123711
mask_1426 19.986038 29.5478515625 0.20741389034395533
mask_1427 18.039798 29.03125 0.21096976565997289
mask_1428 18.219446 29.947265625 0.22139772461825552
mask_1429 21.478134 34.1982421875 0.2188563002322281
mask_1430 16.643446 29.166015625 0.2005348709810095
mask_1431 21.65439 31.41015625 0.21102130925345272
mask_1432 19.243702 31.51953125 0.22108111566106947
mask_1433 18.860534 29.814453125 0.2142651699435637
mask_1434 19.934454 30.6884765625 0.217323056604397
mask_1435 17.748214 29.8173828125 0.21279243156438613
mask_1436 17.945078 30.509765625 0.21144577058732494
mask_1437 19.360374 30.673828125 0.21644710995319635
mask_1438 20.404086 31.154296875 0.22181189972477167
mask_1439 22.208118 31.58203125 0.21952503260783116
mask_1440 19.736502 31.2060546875 0.2192468344990601
mask_1441 21.993846 34.193359375 0.22626543759184894
mask_1442 25.973622 38.548828125 0.22476099932926086
mask_1443 27.689142 40.162109375 0.23174764926938038
mask_1444 25.820022 34.353515625 0.22068836799617875
mask_1445 25.35711 36.3173828125 0.21666455394642045
mask_1446 36.00639 47.376953125 0.22119740844722074
mask_1447 17.970294 30.0 0.2151190462553984
mask_1448 17.027958 29.8447265625 0.20586708900350928
mask_1449 21.90783 30.5 0.2050342796934366
mask_1450 17.711606 29.1298828125 0.21301479576845228
mask_1451 17.908534 28.8798828125 0.20621440064306487
mask_1452 19.449846 30.4404296875 0.21319383052274163
mask_1453 17.744054 30.1748046875 0.21100424890071992
mask_1454 21.16575 33.8017578125 0.2114550915585833
mask_1455 18.894902 29.7509765625 0.21994969676402196
mask_1456 16.527094 28.685546875 0.20394521562552353
mask_1457 17.536182 29.830078125 0.21014726399188496
mask_1458 19.46175 30.609375 0.2209832759349516
mask_1459 18.161206 29.6787109375 0.21053763944790535
mask_1460 19.921782 30.4892578125 0.21460443010905916
mask_1461 19.90271 29.3671875 0.20061946193757743
mask_1462 20.481398 30.4013671875 0.21357054471954182
mask_1463 20.874614 30.3642578125 0.208958257392654
mask_1464 22.700214 32.9169921875 0.22067934880084158
mask_1465 22.133174 31.822265625 0.22305975174846598
mask_1466 21.722998 31.248046875 0.22586313592223412
mask_1467 19.892598 30.853515625 0.21754305757745368
mask_1468 20.684854 32.037109375 0.2235289319991952
mask_1469 20.835574 32.50390625 0.22229447112269185
mask_1470 22.430198 32.373046875 0.22481769092547854
mask_1471 22.037238 33.134765625 0.2264336086670391
mask_1472 24.347638 35.5556640625 0.22440469657654874
mask_1473 17.819254 30.791015625 0.21259764316155838
mask_1474 29.619062 40.1845703125 0.23251083805570733
mask_1475 24.52671 37.3564453125 0.2248699437704161
mask_1476 30.472758 40.6220703125 0.22851142800015126
mask_1477 36.31807 46.16796875 0.2266442558449425
mask_1478 34.551286 43.849609375 0.2201945013038129
mask_1479 18.413366 28.9013671875 0.20098511957076476
mask_1480 22.704118 32.9267578125 0.2142502322533958
mask_1481 18.158006 29.7197265625 0.20921466371422248
mask_1482 19.975158 29.595703125 0.2077744828850313
mask_1483 17.978934 30.2138671875 0.20390978773727467
mask_1484 21.542134 30.64453125 0.2148746482707501
mask_1485 17.100086 29.505859375 0.2111812625345702
mask_1486 18.268918 29.3935546875 0.21696903429669218
mask_1487 18.62111 29.14453125 0.22096995993071847
mask_1488 22.77439 31.5703125 0.2145538138677991
mask_1489 18.243382 30.26171875 0.21164830967050016
mask_1490 21.882998 30.515625 0.2131819182169226
mask_1491 17.17023 29.46875 0.21451192016209075
mask_1492 19.634678 29.658203125 0.2151367200031003
mask_1493 16.81087 28.85546875 0.2106260917641286
mask_1494 20.72159 30.705078125 0.2222718657549689
mask_1495 19.085686 30.2001953125 0.21269917660370152
mask_1496 19.63487 31.919921875 0.21740017176363305
mask_1497 20.843382 32.2841796875 0.2174753229462169
mask_1498 21.687798 31.9384765625 0.22182363498798088
mask_1499 19.26079 30.5517578125 0.20547992504564289
mask_1500 16.460662 29.083984375 0.2070023321496859
mask_1501 15.694198 27.9970703125 0.20871574409116797
mask_1502 18.952182 28.861328125 0.20790110590529645
mask_1503 17.589302 29.044921875 0.20910104815152716
mask_1504 18.04095 28.8046875 0.20932343998093456
mask_1505 15.604854 28.388671875 0.20582012043818698
mask_1506 18.65567 28.931640625 0.21190384116864047
mask_1507 19.307126 30.462890625 0.2176430463965756
mask_1508 19.615222 32.2783203125 0.21842574608832788
mask_1509 20.302198 31.3486328125 0.21986651858899006
mask_1510 22.523126 32.0859375 0.22105574770340367
mask_1511 21.913718 31.3349609375 0.21685544189230965
mask_1512 22.638966 32.037109375 0.21779882477188348
mask_1513 22.517942 33.79296875 0.22075424705391916
mask_1514 21.794038 34.052734375 0.22164577021193327
mask_1515 26.841718 35.8505859375 0.2260512635546177
mask_1516 26.656438 37.7666015625 0.2196476676750421
mask_1517 27.317238 36.5791015625 0.22697579638173557
mask_1518 27.069174 38.3662109375 0.22337587873847298
mask_1519 31.308086 41.57421875 0.22558732706039936
mask_1520 21.049334 29.9736328125 0.20303853048518128
mask_1521 19.607542 29.5986328125 0.21044530460182467
mask_1522 18.84351 28.9736328125 0.20841224540959266
mask_1523 17.557046 31.630859375 0.19927157107074925
mask_1524 16.710134 28.2802734375 0.20547781778777063
mask_1525 17.872054 29.015625 0.21398330293559376
mask_1526 18.97727 29.5869140625 0.21770241586620792
mask_1527 18.00959 28.591796875 0.19526438307362148
mask_1528 17.007798 28.9208984375 0.21179327765729436
mask_1529 18.634102 28.5634765625 0.20397014253395254
mask_1530 18.97055 30.1005859375 0.21415824553361998
mask_1531 19.738358 30.224609375 0.21894115492896438
mask_1532 19.62175 30.8037109375 0.20999004309872712
mask_1533 21.768374 30.9599609375 0.2293953156519317
mask_1534 18.869174 29.939453125 0.21661992080995168
mask_1535 20.940598 31.5908203125 0.21716593608661824
mask_1536 25.423094 37.212890625 0.22609361246229295
mask_1537 20.747766 30.05078125 0.21344092503245185
mask_1538 20.008502 30.4462890625 0.21956343076967555
mask_1539 23.354102 34.7939453125 0.23331523541264765
mask_1540 24.108854 35.5869140625 0.22700800974170035
mask_1541 27.478198 37.2265625 0.2228893788651458
mask_1542 25.224694 37.0703125 0.2257220308894289
mask_1543 26.49439 37.7421875 0.22357810193729932
mask_1544 26.74719 39.4921875 0.2194515087533273
mask_1545 29.230134 40.7060546875 0.2273242480562003
mask_1546 32.868278 42.3935546875 0.21820838783372187
mask_1547 18.835318 30.2236328125 0.20917201242934255
mask_1548 16.800118 28.41015625 0.21341540834413444
mask_1549 17.933622 28.5458984375 0.20167593477863194
mask_1550 19.89663 29.41796875 0.20765171686832273
mask_1551 16.891126 29.08203125 0.20841711019290737
mask_1552 17.013046 29.6240234375 0.21071786721581345
mask_1553 21.470006 31.2158203125 0.2218022569419669
mask_1554 17.990646 29.8466796875 0.2130607916282847
mask_1555 20.348406 29.955078125 0.21420332273823126
mask_1556 20.944118 30.072265625 0.21981805322784612
mask_1557 18.509366 29.9990234375 0.21376335313542488
mask_1558 20.02175 31.8203125 0.21519564631064814
mask_1559 22.108278 32.4072265625 0.22142265783514736
mask_1560 20.425334 31.3779296875 0.22017825905691824
mask_1561 20.42687 31.17578125 0.2163762629041809
mask_1562 19.59519 31.556640625 0.21964613767266172
mask_1563 23.49695 33.9072265625 0.22649482767733603
mask_1564 21.985974 33.896484375 0.22312322793767292
mask_1565 19.230646 31.654296875 0.22180751238791485
mask_1566 25.644022 36.8544921875 0.21839508343822886
mask_1567 23.94143 35.7998046875 0.2250263180536933
mask_1568 26.366774 37.8603515625 0.22095783131188834
mask_1569 27.330358 38.2744140625 0.22480773309187266
mask_1570 24.270454 36.2724609375 0.22272454281792536
mask_1571 27.946166 38.7392578125 0.22033816732554767
mask_1572 31.797302 41.69921875 0.2197805053841896
mask_1573 34.586806 47.3720703125 0.21692188451475325
mask_1574 18.497398 28.6396484375 0.2053698523901427
mask_1575 19.899574 30.3232421875 0.1992503097256841
mask_1576 18.620534 29.447265625 0.20947811099094119
mask_1577 17.383926 29.0458984375 0.20078338545817218
mask_1578 18.66975 28.794921875 0.20707529995177468
mask_1579 18.626934 29.044921875 0.20261509799507485
mask_1580 18.59615 30.1611328125 0.21873909404773004
mask_1581 20.309814 30.396484375 0.2126655913535398
mask_1582 20.156598 29.232421875 0.2143134945198117
mask_1583 18.698294 31.318359375 0.2035299409262915
mask_1584 21.01791 30.51953125 0.2149297409727728
mask_1585 18.456694 30.220703125 0.21800586209024797
mask_1586 20.253814 30.81640625 0.22147072173943808
mask_1587 18.37503 29.0048828125 0.2023646552821021
mask_1588 19.699382 30.5302734375 0.2140455903209787
mask_1589 22.73087 33.6962890625 0.22004857802852487
mask_1590 19.219638 30.2080078125 0.2135121557263975
mask_1591 19.49535 30.5341796875 0.21660165663581096
mask_1592 19.258678 30.5791015625 0.21578955213527354
mask_1593 17.457526 30.265625 0.20844012092407285
mask_1594 19.693366 30.482421875 0.20795984401207573
mask_1595 19.928758 30.7275390625 0.22596124741164092
mask_1596 21.620278 31.6083984375 0.22480181627617535
mask_1597 22.658486 34.1767578125 0.22929161111843002
mask_1598 21.88223 33.5849609375 0.22793438881569858
mask_1599 20.85503 35.291015625 0.2191113474237324
mask_1600 16.977526 29.2001953125 0.21119188020527443
mask_1601 16.16607 28.4306640625 0.20873820760997164
mask_1602 16.967798 28.3173828125 0.20927140823083015
mask_1603 17.335094 28.7392578125 0.20986435734173503
mask_1604 16.94239 28.80859375 0.2059406203653375
mask_1605 17.862902 29.673828125 0.21427401104542587
mask_1606 19.099958 30.5 0.22276202571951179
mask_1607 20.975542 33.5322265625 0.2252340873762173
mask_1608 17.229046 29.306640625 0.21167884384252328
mask_1609 22.192758 33.6142578125 0.22353562110575342
mask_1610 19.355766 29.1474609375 0.21113278278224196
mask_1611 16.675126 27.859375 0.21155340587446395
mask_1612 20.965046 31.6220703125 0.21688123481703087
mask_1613 18.00127 28.9853515625 0.21362905642281646
mask_1614 16.322166 27.8740234375 0.20341298859232593
mask_1615 17.096054 29.0458984375 0.2121322065120338
mask_1616 16.735926 28.640625 0.20202388582924893
mask_1617 18.961206 29.802734375 0.21400232655106172
mask_1618 20.69023 30.2080078125 0.2136279781037394
mask_1619 19.445174 28.740234375 0.20547024419711765
mask_1620 19.657142 30.0966796875 0.21497862949066587
mask_1621 18.749046 29.1982421875 0.2188228501434728
mask_1622 19.40511 31.673828125 0.2103822103904415
mask_1623 20.882934 30.9814453125 0.21293588649069878
mask_1624 20.922038 30.810546875 0.21408100335749095
mask_1625 21.010806 31.576171875 0.22240063788963854
mask_1626 20.893174 31.2919921875 0.22105295109388054
mask_1627 20.682742 30.123046875 0.21518346097262298
mask_1628 20.779062 31.09765625 0.2183252974214297
mask_1629 21.365942 30.7060546875 0.21548637173437468
mask_1630 20.786166 31.109375 0.21950385522465077
mask_1631 22.635574 35.666015625 0.2287309369835248
mask_1632 22.015542 32.2041015625 0.22690904997755715
mask_1633 21.543542 33.421875 0.22428474733877116
mask_1634 27.18463 38.2109375 0.22576322846685767
mask_1635 23.367158 35.890625 0.22012434267923214
mask_1636 29.897462 39.2958984375 0.2322368231752378
mask_1637 27.529206 39.4169921875 0.2231415420057524
mask_1638 30.491958 41.046875 0.23147483470959418
mask_1639 19.282934 29.7919921875 0.2041851436643878
mask_1640 16.827894 29.025390625 0.2003389917077329
mask_1641 16.406646 28.5078125 0.21319959110541079
mask_1642 17.847414 28.92578125 0.20827976765868988
mask_1643 18.114806 28.65625 0.2102139115297448
mask_1644 20.184886 29.7041015625 0.21776110443536034
mask_1645 18.72959 30.904296875 0.2196570443605039
mask_1646 18.679094 29.138671875 0.2117799149180755
mask_1647 17.873462 28.564453125 0.1950932896791193
mask_1648 17.986486 29.2197265625 0.21212397757023566
mask_1649 20.93663 29.771484375 0.2161045639971201
mask_1650 17.218678 29.091796875 0.21236097672850304
mask_1651 20.586486 29.9453125 0.21414072696503164
mask_1652 21.470006 31.3671875 0.2143746752360979
mask_1653 19.523702 30.5595703125 0.2165523378347216
mask_1654 21.550838 32.888671875 0.2186586725761755
mask_1655 20.130614 30.833984375 0.21987714089765634
mask_1656 20.952054 32.44921875 0.22654863601280037
mask_1657 22.134326 31.587890625 0.2241657955132637
mask_1658 19.41471 30.140625 0.21848038492108166
mask_1659 19.828854 31.521484375 0.2167705754595943
mask_1660 23.81151 33.5751953125 0.22111572103091676
mask_1661 23.052086 34.5009765625 0.23446978585623307
mask_1662 22.836342 32.35546875 0.22571869315930063
mask_1663 26.976758 37.5126953125 0.21980743529570584
mask_1664 24.454198 34.71875 0.21779498559648391
mask_1665 27.554614 38.443359375 0.22526697390649558
mask_1666 28.768886 39.69921875 0.22381724292922597
mask_1667 28.463606 40.646484375 0.22753815309272796
mask_1668 35.033974 45.740234375 0.22646194788644766
mask_1669 18.454326 29.09765625 0.20741680560523204
mask_1670 17.804342 29.1904296875 0.21792732341905577
mask_1671 18.465974 29.0556640625 0.20891395253863407
mask_1672 16.79615 28.033203125 0.20156610794527827
mask_1673 18.254774 28.7822265625 0.2000166589978229
mask_1674 19.155126 29.2158203125 0.20799908023456606
mask_1675 18.338678 28.7802734375 0.20751626458007222
mask_1676 18.834742 29.951171875 0.2179908954833605
mask_1677 18.510134 29.671875 0.2093263387137058
mask_1678 19.182518 28.2978515625 0.2049898861457948
mask_1679 17.504246 29.978515625 0.21014936959351924
mask_1680 18.905654 30.22265625 0.21581596897962144
mask_1681 19.00543 30.4462890625 0.21580648782533618
mask_1682 18.80479 30.3134765625 0.21494465034379842
mask_1683 19.229878 29.7529296875 0.21860309581561463
mask_1684 20.51071 32.5283203125 0.2165949925792317
mask_1685 19.288758 32.333984375 0.22081699638547744
mask_1686 21.177142 31.998046875 0.21387821850078323
mask_1687 19.794742 30.5234375 0.21046485668727347
mask_1688 20.678326 31.3154296875 0.22491345537593552
mask_1689 20.675574 30.6337890625 0.21971497430918932
mask_1690 22.10719 34.7724609375 0.22147500157666763
mask_1691 20.345526 31.931640625 0.21573431582141378
mask_1692 19.446006 30.8388671875 0.2101903929613063
mask_1693 20.594742 31.9697265625 0.22000670136308328
mask_1694 23.130166 33.89453125 0.21916723610789937
mask_1695 20.954294 32.8564453125 0.2218477125096867
mask_1696 25.561974 36.9521484375 0.2244551200606794
mask_1697 23.830966 36.693359375 0.22810562502343104
mask_1698 27.020854 38.9072265625 0.22442880778510083
mask_1699 29.493302 40.1904296875 0.23101360558718173
mask_1700 17.196086 28.921875 0.21409321270089068
mask_1701 17.064822 28.5439453125 0.20799690535291795
mask_1702 22.084342 33.7060546875 0.21634720736866386
mask_1703 20.37567 30.41796875 0.2160414847896677
mask_1704 18.094838 28.1357421875 0.21719704608553425
mask_1705 17.736502 29.9189453125 0.21255941565101064
mask_1706 23.538038 33.95703125 0.22829061369899906
mask_1707 19.310582 30.490234375 0.22119230637801837
mask_1708 20.970102 33.40625 0.22495181237008222
mask_1709 20.996342 30.7578125 0.22211675211441284
mask_1710 20.944118 32.3798828125 0.23088880674556156
mask_1711 19.002806 29.3251953125 0.2124464081850884
mask_1712 16.12159 27.9443359375 0.21219744819089573
mask_1713 15.870838 27.953125 0.20053286008037013
mask_1714 18.690166 29.53515625 0.2099845993657299
mask_1715 19.216054 29.2880859375 0.21016978550559873
mask_1716 17.850614 28.841796875 0.20909752966592274
mask_1717 18.95327 29.568359375 0.21188529064358308
mask_1718 20.689206 30.359375 0.22084085506357054
mask_1719 21.323574 30.4443359375 0.21560862649067528
mask_1720 20.059062 31.0234375 0.22133134004105964
mask_1721 17.574646 30.439453125 0.2203159760845792
mask_1722 21.102198 31.46875 0.22237767544503032
mask_1723 21.572214 31.6318359375 0.21916861425442516
mask_1724 22.225654 33.2646484375 0.21801734942669865
mask_1725 20.767478 31.400390625 0.21830646523797953
mask_1726 21.974646 32.1943359375 0.22606119701744232
mask_1727 21.396214 33.150390625 0.22220852684408293
mask_1728 24.891574 37.3935546875 0.22147171697660728
mask_1729 21.66079 33.2744140625 0.21632753363365181
mask_1730 23.33663 34.4306640625 0.2338855733799777
mask_1731 17.829366 28.7021484375 0.20765760125944793
mask_1732 17.563574 28.7421875 0.2044350292224162
mask_1733 18.91263 31.81640625 0.2084094772091972
mask_1734 18.00703 29.19140625 0.20483430895148072
mask_1735 16.935542 28.9189453125 0.20888357427146173
mask_1736 18.057142 29.01171875 0.20952790465145227
mask_1737 18.674166 28.94140625 0.20955542301960134
mask_1738 16.911158 29.04296875 0.2054795027476881
mask_1739 19.027638 29.6279296875 0.21480155779104076
mask_1740 17.210038 29.2275390625 0.2114865267248254
mask_1741 19.371062 29.49609375 0.2206889318189969
mask_1742 18.540086 29.279296875 0.2128956509663597
mask_1743 19.437814 29.142578125 0.2085637262951683
mask_1744 18.734198 30.419921875 0.21912857185548262
mask_1745 19.654838 30.1826171875 0.21881165930881413
mask_1746 20.077622 29.7666015625 0.21166001695124548
mask_1747 19.542134 30.20703125 0.21982724333174633
mask_1748 20.352374 30.2724609375 0.2171822543859391
mask_1749 18.214838 30.2294921875 0.21909478245933353
mask_1750 17.488246 29.0947265625 0.2052467980190438
mask_1751 19.36223 30.2958984375 0.21600726753838959
mask_1752 20.932278 32.7978515625 0.2161339218374737
mask_1753 18.920246 30.6162109375 0.21264572981299
mask_1754 24.138678 37.2412109375 0.22261370504599712
mask_1755 23.087734 33.1376953125 0.22675569334487744
mask_1756 22.883958 35.796875 0.22878719794030394
mask_1757 26.292022 37.947265625 0.22313252068051204
mask_1758 28.015542 38.2431640625 0.22244453904266892
mask_1759 31.425462 41.572265625 0.2235270068610607
mask_1760 25.26815 36.3203125 0.21500551271174959
mask_1761 29.346742 40.2724609375 0.2285754685288327
mask_1762 21.227382 29.97265625 0.2095639987052534
mask_1763 17.766774 28.4345703125 0.19954781856172843
mask_1764 16.164406 27.7978515625 0.2001663139898949
mask_1765 17.31007 28.630859375 0.21032466146020043
mask_1766 17.368182 29.26171875 0.21001785088981828
mask_1767 26.047478 35.7626953125 0.1969312871085834
mask_1768 18.35999 29.384765625 0.21563128468088433
mask_1769 18.325174 29.5751953125 0.21282150578806222
mask_1770 20.70271 29.5380859375 0.2121849061854789
mask_1771 18.18367 29.0224609375 0.2165228470207097
mask_1772 17.510582 29.5927734375 0.21623367103204388
mask_1773 19.479926 29.4052734375 0.21432549410164323
mask_1774 20.108406 31.6142578125 0.21415122218638974
mask_1775 19.929718 30.814453125 0.2203192952644927
mask_1776 18.646006 30.474609375 0.21698415288873132
mask_1777 19.515574 30.162109375 0.22044979687830787
mask_1778 18.048246 30.19921875 0.21054517749276222
mask_1779 20.319094 29.8603515625 0.21348557207739735
mask_1780 17.538102 29.3564453125 0.21175029490025807
mask_1781 20.63743 32.166015625 0.2052605879023597
mask_1782 20.237686 30.8564453125 0.21628320747622495
mask_1783 18.235894 30.267578125 0.20740384808415915
mask_1784 20.898102 31.373046875 0.22028366050700265
mask_1785 20.46847 30.458984375 0.21611075732033627
mask_1786 21.504758 30.4111328125 0.22325810069600519
mask_1787 21.481206 32.1337890625 0.21340489046510489
mask_1788 19.222966 30.24609375 0.21037552241427654
mask_1789 20.87807 31.6982421875 0.2220674525444453
mask_1790 21.405494 32.5947265625 0.22774858264728187
mask_1791 24.830454 36.35546875 0.2222327596491752
mask_1792 26.138742 35.3779296875 0.22551813873549786
mask_1793 26.847286 36.314453125 0.21729686159715966
mask_1794 26.307318 38.7705078125 0.22462937223490795
mask_1795 24.77215 37.2626953125 0.22817129150245996
mask_1796 27.386102 37.26171875 0.2272911821987185
mask_1797 30.319862 42.5185546875 0.22936244235759481
mask_1798 36.832502 47.4306640625 0.2227201651807105
mask_1799 19.66111 28.76171875 0.20787202720455006
mask_1800 19.222262 30.373046875 0.2119888513274404
mask_1801 16.34303 28.3740234375 0.1995720843740276
mask_1802 17.033718 28.2939453125 0.20853140971640913
mask_1803 18.388278 28.8935546875 0.20793066642128527
mask_1804 18.843126 29.42578125 0.21171286289489216
mask_1805 17.678774 29.91015625 0.20942285703333977
mask_1806 19.78335 29.595703125 0.2161984884419654
mask_1807 19.065782 30.4931640625 0.22001615128827529
mask_1808 18.490486 29.7080078125 0.21499767397187244
mask_1809 20.466678 30.4248046875 0.2159706471262652
mask_1810 20.315958 31.8203125 0.22642223324752997
mask_1811 22.239222 32.7138671875 0.22351647698508276
mask_1812 23.29983 33.6796875 0.22212930178403462
mask_1813 17.586678 29.255859375 0.20746997419315907
mask_1814 17.836278 29.1025390625 0.20840944658620988
mask_1815 16.833142 28.0869140625 0.20942958546111265
mask_1816 16.25087 28.232421875 0.20653652016666071
mask_1817 21.79711 33.0478515625 0.21859148572487455
mask_1818 18.15071 28.9365234375 0.20782690005307772
mask_1819 18.23167 28.8876953125 0.21225463823493043
mask_1820 18.926838 29.55078125 0.2128061800679544
mask_1821 16.979062 28.7939453125 0.21422186692698597
mask_1822 21.144182 31.0234375 0.21601940103373096
mask_1823 18.164342 29.9912109375 0.21279754508155735
mask_1824 18.87807 30.912109375 0.22050188366945622
mask_1825 20.98751 30.9892578125 0.21876278891502707
mask_1826 21.962934 31.7587890625 0.21841847721685473
mask_1827 20.837878 30.74609375 0.20871592157520427
mask_1828 20.51263 30.3095703125 0.2067663376526447
mask_1829 21.549366 31.5146484375 0.22318749799261794
mask_1830 21.76927 32.1591796875 0.2188435096882314
mask_1831 20.09055 31.3466796875 0.2145340416573707
mask_1832 22.674614 35.1025390625 0.22756626133276783
mask_1833 20.55071 31.26953125 0.22351301084253603
mask_1834 20.399222 32.6240234375 0.22051178226853513
mask_1835 19.861366 32.376953125 0.21639860322565496
mask_1836 18.240502 30.0419921875 0.21657544036627294
mask_1837 16.26143 28.5009765625 0.20487660091799845
mask_1838 17.008246 28.87890625 0.20604868887112637
mask_1839 16.365558 28.3056640625 0.20790467096266607
mask_1840 16.995702 28.4228515625 0.21234749392819555
mask_1841 17.100982 28.7685546875 0.20720686243301467
mask_1842 16.249206 28.2431640625 0.20395761563176196
mask_1843 20.79967 32.521484375 0.21873030952843317
mask_1844 17.913142 29.107421875 0.21016573855549597
mask_1845 18.728502 28.916015625 0.20788626561717674
mask_1846 20.035958 29.8759765625 0.21231635094644874
mask_1847 18.293302 29.435546875 0.21189426499420938
mask_1848 17.996726 29.7099609375 0.21280480710539107
mask_1849 20.18847 30.0517578125 0.2113682614577721
mask_1850 20.247734 30.251953125 0.21163250414763618
mask_1851 17.426934 29.2900390625 0.21433758068974543
mask_1852 19.11583 29.8193359375 0.2166827141304992
mask_1853 19.677366 29.943359375 0.21890571934272376
mask_1854 19.219766 29.7001953125 0.21297620819917082
mask_1855 20.656118 30.2060546875 0.21856563882940466
mask_1856 18.857782 30.54296875 0.2196660351670195
mask_1857 19.60959 29.94140625 0.2205327265670559
mask_1858 19.581174 31.3115234375 0.20922739483583871
mask_1859 18.514806 30.966796875 0.22615845993115127
mask_1860 22.125558 32.35546875 0.2243787176524434
mask_1861 24.442614 34.2080078125 0.2333399452177298
mask_1862 22.404022 34.1455078125 0.22463625208074658
mask_1863 22.49471 35.2109375 0.2196513045373016
mask_1864 26.889526 38.4150390625 0.22980488567170437
mask_1865 28.497526 37.4619140625 0.22526511359547588
mask_1866 29.87423 39.734375 0.22915876100045585
mask_1867 27.602294 40.1220703125 0.22504222299587326
mask_1868 30.503094 41.953125 0.22660156412022545
mask_1869 22.955702 32.6953125 0.21465697975436698
mask_1870 19.23327 29.4267578125 0.2023145657166838
mask_1871 16.921974 28.4580078125 0.20754374056577893
mask_1872 18.940982 30.1904296875 0.2187065506424544
mask_1873 17.219894 28.9560546875 0.2120642731268848
mask_1874 16.694134 28.9296875 0.20823566774157315
mask_1875 18.174006 29.1025390625 0.20734949851500908
mask_1876 19.437046 30.525390625 0.2157729230968131
mask_1877 17.619382 29.193359375 0.21314399807004117
mask_1878 17.145462 29.107421875 0.20740366335468172
mask_1879 17.32831 29.498046875 0.21528648303559111
mask_1880 17.465398 29.140625 0.2128738920139524
mask_1881 19.367798 29.490234375 0.21407402897395694
mask_1882 17.911158 29.6513671875 0.22037090647209545
mask_1883 19.046518 30.31640625 0.21330417421153888
mask_1884 22.223734 31.658203125 0.22329331569420693
mask_1885 19.636726 30.177734375 0.22841445645526834
mask_1886 21.342006 31.0439453125 0.2160268040758065
mask_1887 18.21567 29.3759765625 0.21726396504893633
mask_1888 18.679222 30.966796875 0.22326657796082738
mask_1889 20.552118 30.7294921875 0.21168601007659812
mask_1890 22.831286 33.017578125 0.22621211381193526
mask_1891 20.338806 30.9208984375 0.22050548115516178
mask_1892 20.571446 31.431640625 0.21652846904888937
mask_1893 18.480758 29.5 0.21035244000993988
mask_1894 22.87775 32.177734375 0.2193254282783843
mask_1895 23.028342 32.0205078125 0.2194347055795801
mask_1896 20.780406 31.1513671875 0.21928111194637412
mask_1897 24.304246 34.162109375 0.2248125755877745
mask_1898 21.690998 34.90234375 0.22279471998220918
mask_1899 26.928886 36.95703125 0.22973409296480177
mask_1900 19.163446 29.4609375 0.21157861351129956
mask_1901 16.33343 28.5537109375 0.20879780313041818
mask_1902 17.589942 29.7490234375 0.20573143637709537
mask_1903 17.766966 28.169921875 0.2066780313445651
mask_1904 17.544694 29.7841796875 0.20873075095927762
mask_1905 17.840182 30.6787109375 0.2125620829519046
mask_1906 21.817206 32.107421875 0.22227428934404123
mask_1907 18.806646 29.705078125 0.2138326445767351
mask_1908 18.552438 29.66015625 0.2165541644888262
mask_1909 22.833462 34.1748046875 0.21831756952742082
mask_1910 26.837814 37.8486328125 0.22811472646590614
mask_1911 22.61023 33.8193359375 0.22027026521676707
mask_1912 17.26527 29.0458984375 0.20594033458218872
mask_1913 16.585334 28.3974609375 0.21378567516408273
mask_1914 20.35231 30.2197265625 0.21898770868635956
mask_1915 15.955126 27.9287109375 0.20332679804461343
mask_1916 19.27647 30.212890625 0.2182489403470642
mask_1917 18.937462 29.744140625 0.21442392864140772
mask_1918 17.53407 28.84375 0.20827198021420038
mask_1919 19.884598 30.251953125 0.21309911895651715
mask_1920 16.578806 28.3291015625 0.21361054458981513
mask_1921 24.017142 32.494140625 0.2175711948505428
mask_1922 20.505782 30.2138671875 0.2232264814625404
mask_1923 19.16863 30.0361328125 0.2224094017220332
mask_1924 21.735222 32.736328125 0.222526551689852
mask_1925 18.30495 31.0 0.21886650678034797
mask_1926 18.561718 30.72265625 0.21413718424702655
mask_1927 22.158966 31.640625 0.2194531195043809
mask_1928 20.719926 31.611328125 0.22115577091128025
mask_1929 22.093814 33.796875 0.2254375667540782
mask_1930 22.386294 32.494140625 0.2224258629399654
mask_1931 19.97471 31.1806640625 0.21431315442832408
mask_1932 23.647734 34.955078125 0.22760817661435484
mask_1933 17.561462 29.669921875 0.20800207959598546
mask_1934 15.915126 27.9638671875 0.20536361283118093
mask_1935 16.956278 28.466796875 0.20797175713526161
mask_1936 17.059318 28.708984375 0.21561363906464248
mask_1937 17.138422 29.1884765625 0.20829452666998335
mask_1938 17.266102 28.984375 0.20939045830604594
mask_1939 17.141942 29.1826171875 0.20926246268688847
mask_1940 18.133878 29.291015625 0.20822166701337688
mask_1941 17.932726 29.6064453125 0.2133119719708702
mask_1942 16.570486 28.5732421875 0.20846061740385027
mask_1943 23.401014 34.8544921875 0.21998531123402687
mask_1944 21.273974 32.654296875 0.22211175435294062
mask_1945 18.48479 29.40625 0.20929245967873883
mask_1946 19.015926 29.5986328125 0.20439243654717165
mask_1947 17.586294 29.662109375 0.21836718239121816
mask_1948 21.805046 31.8828125 0.22433357288438183
mask_1949 20.115638 30.5791015625 0.2231068169014021
mask_1950 20.919798 33.6943359375 0.21799124511365048
mask_1951 19.986998 31.23828125 0.22040193693285162
mask_1952 18.761462 30.658203125 0.21892181465477742
mask_1953 20.463798 31.6220703125 0.22254146418324802
mask_1954 21.640694 31.5751953125 0.22643360950305302
mask_1955 21.637494 32.34765625 0.2199745063190284
mask_1956 21.064054 31.173828125 0.2226695319964348
mask_1957 21.139894 31.619140625 0.2235508565245339
mask_1958 21.046902 32.443359375 0.22355678761448236
mask_1959 23.61951 35.388671875 0.21842015889683689
mask_1960 23.491254 34.072265625 0.23005728346576618
mask_1961 19.590902 31.533203125 0.2151566508328699
mask_1962 23.21343 36.0576171875 0.22585425414015178
mask_1963 22.860982 34.2705078125 0.21873319030592697
mask_1964 26.343606 37.1279296875 0.2241168947958866
mask_1965 28.220854 39.376953125 0.22703447738864793
mask_1966 29.867062 39.15625 0.23103692116298105
mask_1967 23.888246 36.6591796875 0.2186632648311712
mask_1968 27.14879 38.572265625 0.22572912879949467
mask_1969 21.472246 29.767578125 0.21000816068876366
mask_1970 20.229814 30.0234375 0.20799715572246588
mask_1971 17.056182 29.0751953125 0.21169164425857978
mask_1972 16.376694 28.3056640625 0.20541541916803593
mask_1973 16.962422 28.5830078125 0.21394064957073214
mask_1974 16.649142 28.44921875 0.20925058762097892
mask_1975 17.156086 28.7177734375 0.20782687186012644
mask_1976 16.97919 28.9677734375 0.206943701114396
mask_1977 17.573878 28.5048828125 0.21455934709503624
mask_1978 21.94303 30.9267578125 0.2197446160588564
mask_1979 19.225078 29.611328125 0.2086514298290286
mask_1980 18.909814 29.705078125 0.20705455468406467
mask_1981 18.848438 29.310546875 0.21096776769630352
mask_1982 18.300278 29.029296875 0.2067156151185161
mask_1983 19.146614 29.552734375 0.20668799248597863
mask_1984 20.056502 29.8076171875 0.21812727924011774
mask_1985 19.65279 30.0087890625 0.21718446008304007
mask_1986 19.301238 30.724609375 0.21460923897968545
mask_1987 19.78591 29.7373046875 0.21839178738560075
mask_1988 18.750262 30.4375 0.22020511021683317
mask_1989 20.957238 31.6962890625 0.22108170579046496
mask_1990 21.724406 31.490234375 0.21594322911257713
mask_1991 21.822902 31.30078125 0.22325428653124654
mask_1992 21.57055 32.2763671875 0.2236532634046597
mask_1993 19.386614 30.5693359375 0.2209431285789024
mask_1994 23.518646 34.296875 0.21515071493602458
mask_1995 21.727222 33.830078125 0.22664381021387345
mask_1996 24.106102 35.6318359375 0.21866728548162587
mask_1997 27.13951 37.6484375 0.22189201334504552
mask_1998 24.978486 36.18359375 0.22415622253381232
mask_1999 26.38463 37.8818359375 0.22251801199899707
