f0.2_d23_166875 19.24 30.95 0.2335 
f0.2_d23_79677 18.79 30.76 0.2322 
f0.2_d23_624001 19.7 31.12 0.2362 
f0.2_d23_598256 19.86 30.09 0.2348 
f0.2_d23_794913 19.49 30.42 0.2346 
f0.2_d23_157265 19.35 29.74 0.2338 
f0.2_d23_646205 18.14 30.35 0.237 
f0.2_d23_147153 17.78 30.32 0.2341 
f0.2_d23_477550 18.8 30.18 0.235 
f0.2_d23_824918 16.21 29.18 0.2353 
f0.2_d23_708551 17.86 30.89 0.2415 
f0.2_d23_343337 19.03 29.99 0.2346 
f0.2_d23_490316 17.64 29.62 0.2369 
f0.2_d23_801052 18.99 29.65 0.2365 
f0.2_d23_747205 18.35 30.31 0.2371 
f0.2_d23_481829 20.56 30.18 0.2433 
f0.2_d23_445653 18.32 30.62 0.2383 
f0.2_d23_756762 21.3 30.79 0.2333 
f0.2_d23_665073 18.59 31.8 0.2405 
f0.2_d23_683209 19.63 29.53 0.2393 
f0.2_d23_306466 16.9 30.39 0.2336 
f0.2_d23_242969 17.23 29.16 0.2374 
f0.2_d23_65363 16.08 29.07 0.2325 
f0.2_d23_244871 17.49 29.66 0.2341 
f0.2_d23_85837 17.7 29.74 0.2342 
f0.2_d23_668021 20.49 30.18 0.2352 
f0.2_d23_164401 19.32 29.87 0.2317 
f0.2_d23_140901 18.99 31.28 0.2415 
f0.2_d23_663487 18.08 30.17 0.2332 
f0.2_d23_404818 19.34 30.43 0.2429 
f0.2_d23_13739 17.52 30.27 0.2353 
f0.2_d23_360342 16.41 30.18 0.2348 
f0.2_d23_756610 17.75 28.18 0.2328 
f0.2_d23_984888 18.44 30.71 0.234 
f0.2_d23_910165 18.82 30.29 0.2321 
f0.2_d23_394976 18.37 28.91 0.2371 
f0.2_d34_572716 25.79 37.69 0.241 
f0.2_d34_873325 24.36 37.1 0.2383 
f0.2_d34_441777 25.22 38.38 0.2415 
f0.2_d34_643932 24.56 35.93 0.2381 
f0.2_d34_160129 26.49 37.47 0.2394 
f0.2_d34_540398 26.99 37.99 0.2358 
f0.2_d34_66378 23.34 36.98 0.2343 
f0.2_d34_324599 26.0 36.91 0.2405 
f0.2_d34_580198 23.59 36.8 0.238 
f0.2_d34_435831 28.52 39.1 0.2417 
f0.2_d34_340757 28.12 38.38 0.242 
f0.2_d34_234440 26.12 37.72 0.2416 
f0.2_d34_553796 24.46 36.88 0.24 
f0.2_d34_258273 24.56 37.71 0.2374 
f0.2_d34_320731 26.57 38.24 0.2387 
f0.2_d34_205336 23.59 36.1 0.2401 
f0.2_d34_773951 23.75 36.93 0.2402 
f0.2_d34_597968 26.35 38.28 0.2407 
f0.2_d34_152707 24.9 37.42 0.24 
f0.2_d34_939536 24.96 36.33 0.2384 
f0.2_d34_1407 24.79 37.02 0.24 
f0.2_d34_902780 25.51 38.38 0.2388 
f0.2_d34_239675 25.95 37.76 0.2375 
f0.2_d34_476226 23.73 35.76 0.237 
f0.2_d34_793222 27.36 38.64 0.241 
f0.2_d34_5163 25.37 38.85 0.2389 
f0.2_d34_892328 25.18 37.31 0.2392 
f0.2_d34_903240 26.42 38.48 0.2378 
f0.2_d34_904361 26.23 37.03 0.2396 
f0.2_d34_20136 25.85 37.44 0.2359 
f0.2_d34_795408 25.67 37.55 0.2388 
f0.2_d34_977516 23.78 35.42 0.2387 
f0.2_d34_45767 26.27 38.58 0.2429 
f0.2_d34_625142 26.78 37.87 0.2392 
f0.2_d34_287030 24.09 37.71 0.2373 
f0.2_d34_990590 24.59 37.86 0.2404 
f0.2_d34_863015 25.08 37.5 0.2442 
f0.2_d34_783636 25.35 38.6 0.2376 
f0.2_d45_385448 33.45 46.41 0.2429 
f0.2_d45_138563 32.89 45.43 0.2391 
f0.2_d45_289359 32.93 46.15 0.2394 
f0.2_d45_623915 34.86 46.35 0.2422 
f0.2_d45_42204 31.6 45.69 0.2405 
f0.2_d45_650765 32.4 45.2 0.238 
f0.2_d45_639565 32.17 45.44 0.2428 
f0.2_d45_409521 32.41 45.85 0.2419 
f0.2_d45_612141 31.35 45.16 0.2396 
f0.2_d45_597472 32.98 46.03 0.2467 
f0.2_d45_209842 33.81 45.77 0.2448 
f0.2_d45_996988 34.23 45.89 0.2388 
f0.2_d45_540318 30.48 44.7 0.2367 
f0.2_d45_590036 32.03 45.43 0.2438 
f0.2_d45_24954 31.43 45.32 0.2437 
f0.2_d45_629017 30.1 45.47 0.2409 
f0.2_d45_577376 33.09 46.26 0.2415 
f0.2_d45_48914 35.24 46.46 0.2442 
f0.2_d45_586711 30.0 44.84 0.242 
f0.2_d45_547444 31.34 44.93 0.2422 
f0.2_d45_950941 32.96 44.92 0.2444 
f0.2_d45_372272 33.93 45.68 0.2465 
f0.2_d45_934288 30.21 45.38 0.2372 
f0.2_d45_337192 33.78 46.72 0.242 
f0.2_d45_609376 31.12 44.25 0.2422 
f0.2_d45_11592 31.68 46.13 0.2419 
f0.2_d45_322855 32.48 45.58 0.2391 
f0.2_d45_747940 31.49 45.55 0.2429 
f0.2_d45_387465 32.87 45.41 0.2464 
f0.2_d45_437147 33.7 47.43 0.239 
f0.2_d45_361816 35.53 45.66 0.2441 
f0.2_d45_993712 34.22 45.96 0.2412 
f0.2_d45_672969 31.82 44.95 0.2386 
f0.2_d45_548892 34.6 46.01 0.24 
f0.2_d45_623513 33.95 46.02 0.2482 
f0.2_d45_63022 32.08 44.82 0.2443 
f0.2_d45_980789 31.65 46.25 0.2435 
f0.2_d45_613832 32.26 46.44 0.2422 
f0.35_d23_564247 20.34 30.73 0.2334 
f0.35_d23_524714 18.39 29.7 0.2348 
f0.35_d23_970048 20.92 30.66 0.2386 
f0.35_d23_715980 20.97 31.82 0.2354 
f0.35_d23_388395 20.72 31.99 0.2375 
f0.35_d23_907987 20.22 31.52 0.2384 
f0.35_d23_102288 20.81 31.44 0.2381 
f0.35_d23_721232 20.06 31.37 0.2388 
f0.35_d23_48674 19.42 31.72 0.2412 
f0.35_d23_940701 19.9 30.2 0.2391 
f0.35_d23_314412 19.95 31.55 0.2385 
f0.35_d23_386635 20.59 30.39 0.2369 
f0.35_d23_122009 20.77 31.36 0.2361 
f0.35_d23_647187 16.26 29.45 0.2317 
f0.35_d23_611940 17.48 29.31 0.2355 
f0.35_d23_669823 21.53 32.0 0.2421 
f0.35_d23_83574 20.37 30.88 0.2362 
f0.35_d23_540652 20.29 31.57 0.2363 
f0.35_d23_531432 21.22 30.84 0.236 
f0.35_d23_252220 20.79 31.07 0.2394 
f0.35_d23_971919 22.64 31.68 0.2367 
f0.35_d23_920400 21.5 32.32 0.2391 
f0.35_d23_666888 19.7 30.72 0.2386 
f0.35_d23_634474 21.3 31.99 0.2401 
f0.35_d23_898128 17.97 29.63 0.2389 
f0.35_d23_632048 21.12 32.41 0.2415 
f0.35_d23_281042 22.13 30.72 0.2387 
f0.35_d23_980407 19.84 30.78 0.2384 
f0.35_d23_98742 18.41 30.36 0.2338 
f0.35_d23_600632 20.13 31.06 0.2333 
f0.35_d23_537587 20.22 31.06 0.2324 
f0.35_d23_220393 19.0 29.3 0.2275 
f0.35_d23_381963 22.19 31.88 0.2424 
f0.35_d23_824367 21.68 31.5 0.2409 
f0.35_d23_916355 18.02 30.81 0.2341 
f0.35_d23_678881 17.92 30.57 0.2328 
f0.35_d23_751115 20.93 32.11 0.2412 
f0.35_d23_178332 18.35 30.16 0.2352 
f0.35_d23_376706 20.76 30.46 0.2351 
f0.35_d34_545959 26.62 37.92 0.2436 
f0.35_d34_133305 26.45 39.46 0.2397 
f0.35_d34_477397 25.21 38.33 0.2434 
f0.35_d34_444382 27.7 38.61 0.2467 
f0.35_d34_315816 28.85 40.37 0.2462 
f0.35_d34_670811 27.74 38.73 0.2461 
f0.35_d34_371067 27.84 39.48 0.2415 
f0.35_d34_697538 27.2 38.24 0.2413 
f0.35_d34_943227 27.53 38.93 0.2394 
f0.35_d34_184990 27.08 38.75 0.2405 
f0.35_d34_213811 26.86 38.75 0.239 
f0.35_d34_615123 24.93 38.45 0.2424 
f0.35_d34_743393 25.1 38.38 0.2411 
f0.35_d34_493533 28.49 40.03 0.2395 
f0.35_d34_627337 25.6 38.7 0.2458 
f0.35_d34_864907 29.42 39.6 0.2469 
f0.35_d34_301914 25.92 39.2 0.237 
f0.35_d34_299517 25.51 38.43 0.2397 
f0.35_d34_327959 25.18 37.88 0.237 
f0.35_d34_80860 24.05 37.59 0.2377 
f0.35_d34_967295 24.57 38.73 0.2362 
f0.35_d34_560554 28.8 39.85 0.2469 
f0.35_d34_113284 24.21 37.89 0.2398 
f0.35_d34_69878 28.97 39.49 0.2432 
f0.35_d34_935482 25.32 39.53 0.241 
f0.35_d34_841727 26.79 40.05 0.2401 
f0.35_d34_419029 29.02 39.25 0.2436 
f0.35_d34_335261 28.56 39.42 0.2426 
f0.35_d34_511191 26.05 38.47 0.2399 
f0.35_d34_414721 27.87 39.56 0.2404 
f0.35_d34_395885 26.91 38.22 0.2402 
f0.35_d34_798563 27.76 39.23 0.2432 
f0.35_d34_152294 28.6 39.25 0.2395 
f0.35_d34_492929 29.91 38.19 0.2389 
f0.35_d34_123162 26.67 39.12 0.2392 
f0.35_d34_243672 27.61 38.23 0.244 
f0.35_d45_208720 35.99 47.46 0.2432 
f0.35_d45_930443 33.83 46.2 0.2446 
f0.35_d45_840968 32.21 44.83 0.242 
f0.35_d45_596519 34.95 47.06 0.2466 
f0.35_d45_923209 37.69 49.04 0.2413 
f0.35_d45_84404 34.51 47.16 0.2434 
f0.35_d45_966423 34.9 48.38 0.2427 
f0.35_d45_256794 32.96 47.65 0.2447 
f0.35_d45_541208 35.69 47.91 0.2413 
f0.35_d45_80021 34.63 47.85 0.2421 
f0.35_d45_967938 33.76 46.38 0.2384 
f0.35_d45_128561 36.59 47.07 0.239 
f0.35_d45_254022 35.49 48.08 0.2464 
f0.35_d45_471230 34.61 46.72 0.2427 
f0.35_d45_296754 33.18 45.59 0.249 
f0.35_d45_619116 33.71 46.13 0.2393 
f0.35_d45_504213 33.37 46.77 0.2417 
f0.35_d45_899637 34.15 46.97 0.2438 
f0.35_d45_11287 34.46 47.33 0.2488 
f0.35_d45_315179 35.78 47.17 0.2457 
f0.35_d45_378883 36.02 48.06 0.2433 
f0.35_d45_703934 33.82 47.21 0.2435 
f0.35_d45_160561 35.68 47.71 0.2463 
f0.35_d45_74166 36.49 47.08 0.2452 
f0.35_d45_895702 34.16 46.61 0.2439 
f0.35_d45_914385 34.51 46.47 0.2409 
f0.35_d45_777885 35.67 49.33 0.2413 
f0.35_d45_350131 34.82 46.57 0.2432 
f0.35_d45_705001 36.76 48.44 0.2421 
f0.35_d45_55244 32.72 45.88 0.2408 
f0.35_d45_207634 35.74 47.23 0.2448 
f0.35_d45_683151 35.26 46.8 0.2466 
f0.35_d45_51975 33.13 45.25 0.2488 
f0.35_d45_984899 35.01 48.11 0.243 
f0.35_d45_489919 33.35 47.66 0.2422 
f0.35_d45_912817 33.74 47.99 0.2399 
f0.35_d45_418889 32.81 46.48 0.2446 
f0.35_d45_650124 35.54 47.17 0.2423 
f0.35_d45_232574 36.01 47.73 0.2423 
f0.5_d23_470808 20.4 30.45 0.2406 
f0.5_d23_123430 20.36 31.8 0.239 
f0.5_d23_249669 19.07 30.02 0.2415 
f0.5_d23_750358 23.27 32.58 0.2339 
f0.5_d23_128669 19.42 30.86 0.2384 
f0.5_d23_882938 21.6 31.36 0.2387 
f0.5_d23_289796 23.0 32.21 0.2395 
f0.5_d23_148359 23.11 31.42 0.2394 
f0.5_d23_766950 22.91 32.18 0.2401 
f0.5_d23_747999 21.08 31.61 0.242 
f0.5_d23_200923 21.03 31.87 0.2356 
f0.5_d23_359027 19.8 31.15 0.242 
f0.5_d23_210061 20.47 32.33 0.2417 
f0.5_d23_92508 21.92 33.4 0.2383 
f0.5_d23_201281 21.26 31.83 0.2463 
f0.5_d23_626246 20.24 31.92 0.2398 
f0.5_d23_321305 22.03 32.39 0.238 
f0.5_d23_497886 22.23 31.85 0.237 
f0.5_d23_32519 22.06 32.44 0.2385 
f0.5_d23_414394 20.14 31.49 0.2404 
f0.5_d23_911214 19.21 30.33 0.2409 
f0.5_d23_508438 18.48 30.05 0.2342 
f0.5_d23_866504 23.01 31.93 0.2376 
f0.5_d23_390739 20.87 32.26 0.2381 
f0.5_d23_450146 19.26 31.24 0.2404 
f0.5_d23_721406 23.01 33.17 0.2437 
f0.5_d23_73159 21.06 30.64 0.2391 
f0.5_d23_209689 20.42 31.59 0.2409 
f0.5_d23_235883 17.64 29.65 0.2385 
f0.5_d23_55860 22.49 32.24 0.2411 
f0.5_d23_590386 20.75 32.16 0.2374 
f0.5_d23_25553 21.04 31.3 0.2407 
f0.5_d23_201041 23.08 32.41 0.2377 
f0.5_d23_71174 20.65 30.1 0.2342 
f0.5_d23_96168 19.56 32.01 0.2401 
f0.5_d23_639898 20.31 31.46 0.24 
f0.5_d23_347376 22.55 32.09 0.2407 
f0.5_d23_934076 24.18 33.12 0.2381 
f0.5_d34_827386 27.66 40.69 0.2424 
f0.5_d34_508435 26.88 40.19 0.2431 
f0.5_d34_696590 30.78 40.75 0.244 
f0.5_d34_226328 28.51 40.8 0.2427 
f0.5_d34_186419 28.35 40.64 0.2423 
f0.5_d34_47389 27.74 40.02 0.2412 
f0.5_d34_131844 29.89 39.44 0.2378 
f0.5_d34_2226 27.22 39.08 0.2423 
f0.5_d34_941206 30.42 39.86 0.2442 
f0.5_d34_872438 30.3 41.2 0.2465 
f0.5_d34_708665 28.94 41.11 0.2403 
f0.5_d34_998879 27.38 40.01 0.241 
f0.5_d34_796555 28.99 39.8 0.2434 
f0.5_d34_75826 28.95 39.91 0.2434 
f0.5_d34_840966 29.11 39.96 0.2393 
f0.5_d34_784135 28.32 40.5 0.2438 
f0.5_d34_644535 31.49 41.37 0.2436 
f0.5_d34_704677 29.23 40.41 0.2401 
f0.5_d34_867339 25.49 40.22 0.24 
f0.5_d34_115325 30.33 40.73 0.2423 
f0.5_d34_281820 29.38 40.83 0.2445 
f0.5_d34_131011 27.48 41.23 0.2457 
f0.5_d34_442894 27.26 40.85 0.2432 
f0.5_d34_384483 26.0 38.64 0.2419 
f0.5_d34_432940 25.91 38.56 0.2408 
f0.5_d34_352733 26.29 39.65 0.2408 
f0.5_d34_562535 29.54 41.47 0.2425 
f0.5_d34_24371 31.22 41.56 0.2459 
f0.5_d34_915908 27.05 38.96 0.241 
f0.5_d34_866838 26.03 38.69 0.239 
f0.5_d34_210561 27.93 39.64 0.2493 
f0.5_d34_169072 27.45 39.67 0.2411 
f0.5_d34_389137 28.24 39.44 0.2424 
f0.5_d34_597750 25.04 37.87 0.2366 
f0.5_d34_419074 28.52 39.47 0.2411 
f0.5_d34_994253 28.23 40.49 0.2376 
f0.5_d34_923137 26.66 38.91 0.2369 
f0.5_d45_140404 37.98 49.47 0.2454 
f0.5_d45_943032 38.48 49.57 0.2422 
f0.5_d45_318545 36.24 49.55 0.2437 
f0.5_d45_315181 35.77 47.98 0.2445 
f0.5_d45_462327 35.69 48.07 0.2417 
f0.5_d45_377830 36.31 48.62 0.2422 
f0.5_d45_739891 38.41 48.74 0.2405 
f0.5_d45_815001 38.42 49.0 0.2461 
f0.5_d45_848709 37.92 48.05 0.2458 
f0.5_d45_535936 39.41 49.5 0.2455 
f0.5_d45_737333 36.22 49.15 0.2464 
f0.5_d45_459396 37.63 48.92 0.2424 
f0.5_d45_715021 36.84 48.55 0.2443 
f0.5_d45_328808 36.53 48.66 0.2452 
f0.5_d45_742599 35.77 48.18 0.2409 
f0.5_d45_24547 34.32 47.39 0.2405 
f0.5_d45_750530 38.12 49.04 0.2424 
f0.5_d45_961986 34.89 48.2 0.2469 
f0.5_d45_159785 36.43 48.76 0.2449 
f0.5_d45_267168 36.93 47.92 0.2427 
f0.5_d45_504592 36.48 48.75 0.244 
f0.5_d45_233311 37.54 49.22 0.2446 
f0.5_d45_463833 36.8 49.17 0.243 
f0.5_d45_881533 32.1 46.01 0.2374 
f0.5_d45_664612 39.0 50.43 0.2472 
f0.5_d45_576329 35.97 48.11 0.2456 
f0.5_d45_288926 33.98 47.94 0.2428 
f0.5_d45_31049 38.17 49.22 0.2398 
f0.5_d45_727930 37.47 48.8 0.2459 
f0.5_d45_944031 36.76 48.46 0.2449 
f0.5_d45_697040 36.21 48.27 0.2449 
f0.5_d45_719644 38.66 50.11 0.2459 
f0.5_d45_834332 38.11 50.19 0.2437 
f0.5_d45_563798 35.44 48.7 0.246 
f0.5_d45_932184 37.56 49.58 0.2453 
f0.5_d45_267231 38.59 49.69 0.2429 
f0.5_d45_152167 35.58 50.58 0.2408 
f0.65_d23_171044 21.26 33.35 0.235 
f0.65_d23_503843 23.51 34.23 0.2395 
f0.65_d23_220591 19.68 32.27 0.2419 
f0.65_d23_898314 23.17 34.31 0.243 
f0.65_d23_738565 20.62 32.06 0.2383 
f0.65_d23_969352 19.6 32.82 0.2404 
f0.65_d23_707981 23.29 32.14 0.2466 
f0.65_d23_554929 24.65 34.86 0.241 
f0.65_d23_840865 22.36 32.14 0.2394 
f0.65_d23_2216 21.64 33.61 0.2376 
f0.65_d23_582973 23.77 32.95 0.237 
f0.65_d23_352189 23.01 32.96 0.2412 
f0.65_d23_430470 24.23 33.17 0.241 
f0.65_d23_978690 21.26 32.66 0.234 
f0.65_d23_944077 19.27 30.62 0.2389 
f0.65_d23_496464 18.77 31.29 0.2345 
f0.65_d23_163043 21.25 33.21 0.2379 
f0.65_d23_640500 20.44 31.96 0.2411 
f0.65_d23_441520 21.11 33.1 0.2373 
f0.65_d23_78965 20.31 32.21 0.2388 
f0.65_d23_906825 20.47 31.91 0.2403 
f0.65_d23_247086 21.7 33.84 0.2377 
f0.65_d23_875783 20.3 32.12 0.2438 
f0.65_d23_811708 22.43 32.31 0.239 
f0.65_d23_671042 20.34 31.16 0.2377 
f0.65_d23_665263 24.38 33.75 0.2434 
f0.65_d23_418162 20.56 31.55 0.2392 
f0.65_d23_275141 22.4 31.44 0.2389 
f0.65_d23_419325 21.9 32.85 0.2388 
f0.65_d23_351413 22.15 33.15 0.2446 
f0.65_d23_827820 20.63 32.66 0.2398 
f0.65_d23_569634 20.19 31.77 0.2408 
f0.65_d23_263192 24.92 33.22 0.2468 
f0.65_d23_432259 22.57 33.06 0.2459 
f0.65_d23_178716 22.97 32.15 0.2399 
f0.65_d23_429433 22.29 32.61 0.2385 
f0.65_d23_759131 23.21 33.11 0.2412 
f0.65_d23_970258 19.8 31.44 0.2378 
f0.65_d23_614520 19.79 31.54 0.2404 
f0.65_d23_633528 23.91 32.83 0.2415 
f0.65_d34_865481 30.79 42.96 0.2432 
f0.65_d34_249778 29.64 41.68 0.2431 
f0.65_d34_503790 31.07 41.47 0.2424 
f0.65_d34_128325 31.51 41.71 0.2434 
f0.65_d34_345328 31.35 42.0 0.2435 
f0.65_d34_26529 33.44 42.29 0.2454 
f0.65_d34_84557 31.32 41.86 0.2462 
f0.65_d34_478509 29.2 41.18 0.2427 
f0.65_d34_624713 31.36 40.92 0.2457 
f0.65_d34_783746 31.26 42.01 0.2403 
f0.65_d34_303404 28.03 40.59 0.2429 
f0.65_d34_248308 31.26 41.0 0.2404 
f0.65_d34_373296 29.28 41.07 0.2438 
f0.65_d34_613290 28.9 40.85 0.2435 
f0.65_d34_565837 30.52 41.83 0.2428 
f0.65_d34_387150 26.72 38.96 0.2414 
f0.65_d34_359099 30.21 42.05 0.2436 
f0.65_d34_987300 32.57 43.25 0.2452 
f0.65_d34_42172 29.85 41.68 0.2455 
f0.65_d34_438343 31.74 42.14 0.2435 
f0.65_d34_483453 30.19 42.31 0.2402 
f0.65_d34_863134 28.24 41.04 0.2379 
f0.65_d34_114663 30.18 42.09 0.2378 
f0.65_d34_612731 31.05 41.45 0.2451 
f0.65_d34_194014 28.97 40.78 0.2383 
f0.65_d34_218103 27.42 41.34 0.244 
f0.65_d34_569181 29.41 40.54 0.2431 
f0.65_d34_206178 30.94 41.87 0.2464 
f0.65_d34_12742 32.09 41.83 0.2424 
f0.65_d34_32332 29.97 41.07 0.241 
f0.65_d34_700702 30.75 41.04 0.2418 
f0.65_d34_764636 27.92 40.42 0.2467 
f0.65_d34_853440 31.69 43.11 0.2459 
f0.65_d34_699694 30.58 41.14 0.2432 
f0.65_d34_858755 29.71 41.97 0.2406 
f0.65_d34_749039 28.45 40.73 0.2428 
f0.65_d34_139860 31.27 42.13 0.2465 
f0.65_d45_372526 38.12 49.0 0.2404 
f0.65_d45_974945 36.09 49.32 0.2462 
f0.65_d45_219395 36.82 50.22 0.2409 
f0.65_d45_381158 37.28 50.09 0.2434 
f0.65_d45_792328 38.41 50.65 0.2435 
f0.65_d45_641871 39.7 50.63 0.2483 
f0.65_d45_168068 39.86 50.26 0.2441 
f0.65_d45_612248 36.05 49.61 0.2476 
f0.65_d45_271143 41.67 51.8 0.2453 
f0.65_d45_733799 40.3 52.47 0.2431 
f0.65_d45_515150 40.16 51.28 0.2436 
f0.65_d45_33696 39.47 50.58 0.2395 
f0.65_d45_949800 37.95 49.93 0.2427 
f0.65_d45_700341 38.85 50.8 0.2474 
f0.65_d45_965516 37.41 49.47 0.2472 
f0.65_d45_920749 39.48 50.69 0.2437 
f0.65_d45_233719 42.0 51.36 0.2462 
f0.65_d45_157977 41.03 50.25 0.2418 
f0.65_d45_503923 39.79 51.53 0.2423 
f0.65_d45_903974 38.25 50.05 0.243 
f0.65_d45_836400 40.66 51.59 0.2403 
f0.65_d45_348318 37.63 49.77 0.2464 
f0.65_d45_945791 36.51 50.46 0.2383 
f0.65_d45_39935 37.6 50.48 0.2423 
f0.65_d45_7939 39.62 50.4 0.2453 
f0.65_d45_432570 38.32 50.58 0.2467 
f0.65_d45_852778 39.92 51.9 0.2448 
f0.65_d45_522727 39.73 51.33 0.2455 
f0.65_d45_123581 35.13 48.6 0.2431 
f0.65_d45_81148 39.27 49.62 0.2422 
f0.65_d45_240452 35.66 49.94 0.2417 
f0.65_d45_727657 38.19 51.38 0.2433 
f0.65_d45_962725 36.87 48.86 0.2403 
f0.65_d45_292993 39.51 51.94 0.2436 
f0.65_d45_446606 37.07 50.04 0.2488 
f0.65_d45_996337 37.34 49.74 0.2487 
f0.65_d45_719473 38.87 50.17 0.2472 
f0.65_d45_921990 38.47 50.53 0.2493 
f0.65_d45_656782 38.41 51.46 0.2433 
f0.65_d45_172597 38.55 50.46 0.2419 
f0.8_d23_236532 23.34 33.65 0.2399 
f0.8_d23_805986 23.7 32.92 0.2421 
f0.8_d23_895297 24.67 34.43 0.2414 
f0.8_d23_391153 24.1 33.42 0.2408 
f0.8_d23_802589 22.89 31.84 0.243 
f0.8_d23_480732 21.94 31.88 0.2424 
f0.8_d23_903576 20.87 33.86 0.2418 
f0.8_d23_258364 23.93 34.45 0.2379 
f0.8_d23_344568 25.59 33.36 0.2428 
f0.8_d23_173372 22.26 34.3 0.2405 
f0.8_d23_949986 22.64 34.11 0.2381 
f0.8_d23_320867 21.89 32.76 0.2379 
f0.8_d23_46065 23.11 32.65 0.2417 
f0.8_d23_404237 21.73 32.64 0.2411 
f0.8_d23_437619 22.2 31.61 0.2401 
f0.8_d23_439279 23.75 33.69 0.2425 
f0.8_d23_476416 25.6 34.01 0.2423 
f0.8_d23_390196 21.91 31.95 0.2448 
f0.8_d23_591876 20.39 31.48 0.2392 
f0.8_d23_400262 22.41 32.73 0.2431 
f0.8_d23_319367 24.55 34.98 0.2436 
f0.8_d23_966626 21.75 33.05 0.2431 
f0.8_d23_168192 22.29 33.01 0.2403 
f0.8_d23_389219 23.65 34.39 0.2384 
f0.8_d23_448217 20.93 33.72 0.2426 
f0.8_d23_115705 20.53 32.24 0.2368 
f0.8_d23_338217 24.39 34.71 0.2412 
f0.8_d23_176305 24.86 34.28 0.2453 
f0.8_d23_363726 23.88 33.57 0.2422 
f0.8_d23_13826 24.86 35.13 0.2415 
f0.8_d23_977203 24.46 33.75 0.2432 
f0.8_d23_604924 21.97 33.01 0.2416 
f0.8_d23_443720 24.12 34.2 0.2419 
f0.8_d23_704519 23.72 33.02 0.243 
f0.8_d23_501918 20.81 32.6 0.2362 
f0.8_d23_127231 22.68 33.58 0.2376 
f0.8_d23_375401 20.16 32.57 0.2393 
f0.8_d23_334493 23.79 32.93 0.2389 
f0.8_d34_870936 27.91 41.5 0.2386 
f0.8_d34_576804 30.56 43.12 0.2415 
f0.8_d34_783830 34.62 43.29 0.2444 
f0.8_d34_552998 31.09 42.75 0.2404 
f0.8_d34_562668 29.77 42.82 0.2405 
f0.8_d34_459380 30.72 42.62 0.2421 
f0.8_d34_529226 35.64 43.89 0.2466 
f0.8_d34_85768 33.52 43.25 0.2444 
f0.8_d34_449377 33.46 42.84 0.2404 
f0.8_d34_265111 29.47 41.21 0.2397 
f0.8_d34_311721 33.23 43.71 0.2439 
f0.8_d34_675612 31.98 43.25 0.2434 
f0.8_d34_929143 33.23 43.22 0.2426 
f0.8_d34_803124 29.89 41.24 0.2412 
f0.8_d34_706690 29.2 41.73 0.2423 
f0.8_d34_759648 31.29 42.46 0.243 
f0.8_d34_907471 29.17 40.73 0.241 
f0.8_d34_203606 32.65 43.14 0.2442 
f0.8_d34_2863 29.29 41.9 0.2405 
f0.8_d34_753685 30.82 42.37 0.2424 
f0.8_d34_42173 32.94 43.32 0.2454 
f0.8_d34_711889 33.11 42.32 0.2467 
f0.8_d34_745134 31.53 41.38 0.2438 
f0.8_d34_219253 32.19 43.19 0.2394 
f0.8_d34_525379 31.25 43.47 0.2454 
f0.8_d34_117887 31.09 42.54 0.2391 
f0.8_d34_389455 31.67 43.68 0.2415 
f0.8_d34_17257 32.12 43.29 0.2421 
f0.8_d34_987143 31.14 41.64 0.2443 
f0.8_d34_12042 29.71 41.53 0.2428 
f0.8_d34_799275 34.19 43.95 0.2435 
f0.8_d34_457582 31.7 44.38 0.2415 
f0.8_d34_710982 30.21 42.11 0.2423 
f0.8_d34_196729 29.46 41.99 0.2408 
f0.8_d34_168910 32.93 42.54 0.2456 
f0.8_d34_429666 33.71 43.76 0.245 
f0.8_d34_258434 31.7 42.65 0.2451 
f0.8_d34_839115 30.18 42.32 0.2415 
f0.8_d34_716443 30.2 43.89 0.2421 
f0.8_d34_668484 31.33 43.02 0.2413 
f0.8_d34_193739 34.03 43.24 0.2448 
f0.8_d45_52788 37.97 51.84 0.2377 
f0.8_d45_549962 41.15 52.17 0.2446 
f0.8_d45_102044 41.64 51.94 0.2427 
f0.8_d45_233016 37.47 49.58 0.2414 
f0.8_d45_974004 43.82 53.32 0.2401 
f0.8_d45_41522 41.28 52.65 0.2458 
f0.8_d45_580178 39.89 52.22 0.24 
f0.8_d45_372016 38.95 51.52 0.241 
f0.8_d45_290618 42.76 52.85 0.2448 
f0.8_d45_184895 40.78 52.05 0.2476 
f0.8_d45_253090 38.24 50.6 0.2418 
f0.8_d45_628220 40.66 53.06 0.2438 
f0.8_d45_681710 37.97 51.42 0.2411 
f0.8_d45_245001 37.32 49.54 0.2419 
f0.8_d45_466243 42.02 51.79 0.2468 
f0.8_d45_946480 41.06 52.21 0.2435 
f0.8_d45_205735 39.61 51.06 0.2436 
f0.8_d45_755655 42.47 52.76 0.2446 
f0.8_d45_662116 41.49 52.2 0.2461 
f0.8_d45_667355 38.69 50.83 0.2452 
f0.8_d45_796710 41.73 51.45 0.2449 
f0.8_d45_151884 38.81 51.53 0.2427 
f0.8_d45_274956 41.54 51.39 0.2414 
f0.8_d45_61796 41.0 51.56 0.2421 
f0.8_d45_554546 40.51 50.68 0.2438 
f0.8_d45_243146 43.1 51.84 0.2433 
f0.8_d45_762190 37.92 50.44 0.24 
f0.8_d45_48367 38.84 50.96 0.2427 
f0.8_d45_446524 40.98 51.75 0.2458 
f0.8_d45_631965 40.57 51.43 0.2438 
f0.8_d45_497408 39.38 51.43 0.2422 
f0.8_d45_409768 42.77 52.81 0.2425 
f0.8_d45_3442 40.48 50.49 0.2431 
f0.8_d45_119262 42.8 52.01 0.2429 
f0.8_d45_235487 42.33 50.4 0.2444 
f0.8_d45_335178 41.19 51.61 0.2426 
f0.8_d45_420283 40.33 51.01 0.2437 
f0.2_d23_198394 19.23 29.28 0.2355 
f0.2_d23_369997 19.94 30.06 0.2336 
f0.2_d23_159080 18.66 29.71 0.2342 
f0.2_d23_18590 21.11 32.11 0.233 
f0.2_d23_591188 19.45 30.33 0.2351 
f0.2_d23_783724 19.49 29.61 0.2352 
f0.2_d23_802755 17.39 29.97 0.2364 
f0.2_d23_457197 18.66 29.37 0.2303 
f0.2_d23_773919 19.49 31.01 0.2342 
f0.2_d23_380683 17.48 29.31 0.2323 
f0.2_d23_896795 17.59 29.52 0.234 
f0.2_d23_981069 20.5 29.9 0.235 
f0.2_d23_248209 18.32 31.19 0.2406 
f0.2_d23_598014 18.43 28.25 0.2372 
f0.2_d23_137527 18.15 30.22 0.2372 
f0.2_d23_653427 20.62 30.96 0.237 
f0.2_d23_683370 18.95 30.79 0.2349 
f0.2_d23_792682 20.48 31.24 0.2331 
f0.2_d23_556361 19.3 30.38 0.2347 
f0.2_d23_445057 20.19 29.7 0.2331 
f0.2_d23_533426 19.15 29.7 0.232 
f0.2_d23_116000 18.33 30.02 0.2377 
f0.2_d23_974846 17.49 29.7 0.2354 
f0.2_d23_842062 17.39 29.61 0.2299 
f0.2_d23_510768 18.13 29.62 0.2353 
f0.2_d23_556572 18.75 30.02 0.2375 
f0.2_d23_903547 18.38 29.58 0.233 
f0.2_d23_460139 16.12 29.68 0.2299 
f0.2_d23_334720 19.44 29.79 0.2301 
f0.2_d23_963889 17.69 28.59 0.2332 
f0.2_d23_944440 16.81 29.21 0.2326 
f0.2_d34_547774 25.45 36.57 0.2419 
f0.2_d34_805848 24.53 37.07 0.2413 
f0.2_d34_137902 23.64 37.46 0.2382 
f0.2_d34_254626 26.89 37.2 0.2389 
f0.2_d34_71013 26.49 37.21 0.2381 
f0.2_d34_219822 25.77 38.46 0.2397 
f0.2_d34_625913 24.7 36.97 0.2391 
f0.2_d34_54442 26.87 38.16 0.2379 
f0.2_d34_773936 26.45 37.86 0.2389 
f0.2_d34_694192 22.8 36.47 0.238 
f0.2_d34_599229 26.15 37.79 0.2404 
f0.2_d34_717124 26.34 38.25 0.2372 
f0.2_d34_441426 23.82 37.58 0.2369 
f0.2_d34_356503 25.6 37.15 0.2349 
f0.2_d34_825952 25.94 38.43 0.2435 
f0.2_d34_537711 24.98 36.16 0.2372 
f0.2_d34_620460 25.72 37.63 0.2396 
f0.2_d34_325726 27.15 38.65 0.2384 
f0.2_d34_718140 25.25 38.74 0.2416 
f0.2_d34_686405 23.96 37.02 0.2392 
f0.2_d34_126237 26.18 38.15 0.2387 
f0.2_d34_460768 23.95 37.48 0.2374 
f0.2_d34_630463 25.46 37.06 0.2406 
f0.2_d34_764568 25.57 37.74 0.236 
f0.2_d34_846522 24.36 36.36 0.239 
f0.2_d34_800860 26.65 38.06 0.2382 
f0.2_d34_651446 26.88 37.64 0.2407 
f0.2_d34_892751 26.51 38.62 0.2398 
f0.2_d34_250455 25.53 38.05 0.2407 
f0.2_d45_338412 33.7 47.09 0.2457 
f0.2_d45_147782 34.42 46.02 0.2435 
f0.2_d45_373297 31.64 45.56 0.2386 
f0.2_d45_744886 30.31 44.9 0.2405 
f0.2_d45_672922 33.65 46.01 0.2405 
f0.2_d45_664608 33.48 45.42 0.2415 
f0.2_d45_810179 32.05 44.99 0.241 
f0.2_d45_242855 30.96 45.35 0.2405 
f0.2_d45_15329 33.49 45.67 0.2441 
f0.2_d45_877392 32.88 46.5 0.2436 
f0.2_d45_660184 31.59 46.1 0.2417 
f0.2_d45_145296 31.48 45.0 0.2412 
f0.2_d45_670281 32.84 45.42 0.2423 
f0.2_d45_958609 32.53 46.29 0.239 
f0.2_d45_733483 31.6 44.33 0.2418 
f0.2_d45_470280 33.04 46.95 0.2392 
f0.2_d45_83267 32.38 44.24 0.2396 
f0.2_d45_682101 33.95 45.43 0.2401 
f0.2_d45_946156 31.36 45.94 0.2442 
f0.2_d45_511200 33.98 45.38 0.2409 
f0.2_d45_591512 31.77 45.65 0.2397 
f0.2_d45_257372 31.57 44.97 0.239 
f0.2_d45_459269 33.66 46.41 0.2389 
f0.2_d45_734891 33.08 45.94 0.2434 
f0.2_d45_109196 31.76 45.07 0.2407 
f0.2_d45_212724 32.46 46.3 0.2381 
f0.2_d45_100483 35.69 46.26 0.242 
f0.2_d45_923676 34.72 46.97 0.2425 
f0.2_d45_936852 33.18 46.45 0.2391 
f0.35_d23_7929 16.37 30.26 0.2347 
f0.35_d23_994473 20.59 31.59 0.2341 
f0.35_d23_372684 18.3 29.6 0.2372 
f0.35_d23_857381 21.31 30.78 0.2386 
f0.35_d23_573862 19.14 30.69 0.2343 
f0.35_d23_456772 18.45 30.78 0.2442 
f0.35_d23_50244 19.53 30.45 0.2332 
f0.35_d23_967650 18.3 29.95 0.2369 
f0.35_d23_380832 19.03 30.28 0.2378 
f0.35_d23_407651 19.08 31.03 0.2373 
f0.35_d23_256919 20.12 31.01 0.2362 
f0.35_d23_9083 20.35 31.0 0.2322 
f0.35_d23_582230 19.09 30.52 0.2429 
f0.35_d23_946626 18.25 30.92 0.242 
f0.35_d23_292744 19.04 29.86 0.2356 
f0.35_d23_376818 20.62 31.32 0.2415 
f0.35_d23_844287 18.76 30.97 0.2423 
f0.35_d23_226820 18.14 30.91 0.2469 
f0.35_d23_999087 18.23 29.35 0.2338 
f0.35_d23_227507 18.04 29.09 0.2306 
f0.35_d23_65314 19.07 29.62 0.234 
f0.35_d23_422904 19.74 30.38 0.2337 
f0.35_d23_492665 20.14 30.91 0.2372 
f0.35_d23_716974 20.84 31.67 0.2345 
f0.35_d23_321877 19.61 30.75 0.2369 
f0.35_d23_690250 18.55 30.62 0.2362 
f0.35_d23_696827 20.83 31.83 0.2406 
f0.35_d23_241973 19.42 31.28 0.2329 
f0.35_d34_387629 24.18 37.97 0.2422 
f0.35_d34_600233 28.15 39.22 0.2429 
f0.35_d34_854463 25.43 37.58 0.2408 
f0.35_d34_573090 26.14 37.68 0.2429 
f0.35_d34_294092 27.25 39.27 0.2406 
f0.35_d34_379589 28.26 40.17 0.2431 
f0.35_d34_68808 25.94 38.26 0.2393 
f0.35_d34_653964 30.01 40.83 0.2426 
f0.35_d34_645704 26.29 39.24 0.2414 
f0.35_d34_718796 25.77 37.75 0.2456 
f0.35_d34_311565 27.87 38.8 0.2421 
f0.35_d34_918835 26.53 38.48 0.2472 
f0.35_d34_730455 26.28 38.14 0.2366 
f0.35_d34_776759 27.89 39.44 0.2417 
f0.35_d34_606998 28.09 39.78 0.2436 
f0.35_d34_160152 26.43 38.37 0.2397 
f0.35_d34_965405 25.89 39.57 0.2428 
f0.35_d34_324725 27.57 39.13 0.2454 
f0.35_d34_448950 26.03 38.25 0.2392 
f0.35_d34_95312 27.79 39.35 0.2413 
f0.35_d34_143769 25.92 37.63 0.238 
f0.35_d34_350958 26.62 37.97 0.2444 
f0.35_d34_14381 26.69 38.38 0.2415 
f0.35_d34_671827 25.87 38.53 0.2421 
f0.35_d34_123990 26.29 39.25 0.2379 
f0.35_d34_283405 28.72 39.12 0.2448 
f0.35_d34_734489 27.58 38.21 0.2399 
f0.35_d34_814468 27.71 40.22 0.2433 
f0.35_d34_560485 29.4 38.71 0.2461 
f0.35_d34_815191 27.46 39.39 0.2413 
f0.35_d34_980472 25.94 37.05 0.2387 
f0.35_d45_447560 33.77 46.79 0.243 
f0.35_d45_769353 34.92 47.88 0.2483 
f0.35_d45_312720 31.4 45.6 0.2365 
f0.35_d45_702816 34.2 45.26 0.2427 
f0.35_d45_103750 31.96 45.64 0.2408 
f0.35_d45_108655 35.97 47.94 0.2463 
f0.35_d45_504748 33.55 46.68 0.2458 
f0.35_d45_795138 34.54 47.83 0.2416 
f0.35_d45_313302 34.88 47.58 0.2392 
f0.35_d45_62263 36.24 47.59 0.2431 
f0.35_d45_977845 34.63 47.02 0.247 
f0.35_d45_213000 34.83 47.17 0.2414 
f0.35_d45_960763 33.15 47.45 0.2397 
f0.35_d45_372023 34.47 47.69 0.247 
f0.35_d45_940715 32.2 46.88 0.2433 
f0.35_d45_45363 35.54 48.15 0.2424 
f0.35_d45_43530 32.8 46.5 0.2462 
f0.35_d45_983278 35.67 48.03 0.2445 
f0.35_d45_312442 33.22 46.65 0.2435 
f0.35_d45_906437 34.85 46.26 0.242 
f0.35_d45_187642 34.38 46.35 0.2448 
f0.35_d45_696464 34.4 48.17 0.238 
f0.35_d45_301658 35.0 47.71 0.2395 
f0.35_d45_806132 34.25 47.22 0.2424 
f0.35_d45_877876 35.46 48.25 0.2485 
f0.35_d45_757946 33.82 46.93 0.2441 
f0.35_d45_247193 34.41 47.78 0.2406 
f0.35_d45_818710 31.63 44.93 0.2441 
f0.5_d23_514044 21.92 32.67 0.2342 
f0.5_d23_274100 20.45 30.53 0.2322 
f0.5_d23_899025 21.8 30.64 0.2362 
f0.5_d23_478777 21.71 31.86 0.241 
f0.5_d23_582524 21.18 31.58 0.2404 
f0.5_d23_299057 18.95 32.33 0.2394 
f0.5_d23_890696 19.34 30.77 0.2405 
f0.5_d23_30091 21.47 32.76 0.2417 
f0.5_d23_458679 20.19 31.13 0.2402 
f0.5_d23_942086 22.74 32.7 0.2424 
f0.5_d23_487827 19.64 30.71 0.2378 
f0.5_d23_85845 21.0 32.02 0.2358 
f0.5_d23_852391 17.98 30.86 0.24 
f0.5_d23_871948 20.1 31.18 0.2386 
f0.5_d23_504811 20.08 31.61 0.2324 
f0.5_d23_809377 18.12 30.39 0.2402 
f0.5_d23_206511 18.98 30.59 0.2363 
f0.5_d23_896952 21.53 32.05 0.2363 
f0.5_d23_873042 20.03 32.78 0.2416 
f0.5_d23_517890 21.03 32.23 0.2366 
f0.5_d23_17527 21.71 31.69 0.2432 
f0.5_d23_875119 23.78 33.95 0.2395 
f0.5_d23_962212 17.51 30.02 0.2386 
f0.5_d23_347543 22.34 33.62 0.2406 
f0.5_d23_753128 22.88 32.43 0.2429 
f0.5_d23_719385 18.61 30.78 0.2341 
f0.5_d23_274713 19.41 30.36 0.2382 
f0.5_d23_516220 23.18 32.96 0.2395 
f0.5_d23_420701 21.42 30.4 0.2383 
f0.5_d34_796992 27.51 39.02 0.2447 
f0.5_d34_995719 27.73 39.49 0.2446 
f0.5_d34_316970 26.52 38.34 0.2407 
f0.5_d34_195284 27.68 41.29 0.2398 
f0.5_d34_286922 31.82 41.64 0.2436 
f0.5_d34_30009 29.46 40.02 0.246 
f0.5_d34_625744 28.68 39.73 0.2444 
f0.5_d34_499391 28.37 40.05 0.2438 
f0.5_d34_160648 27.31 39.46 0.2394 
f0.5_d34_413195 29.88 40.72 0.2463 
f0.5_d34_745419 30.68 42.2 0.2457 
f0.5_d34_859513 28.35 39.66 0.2452 
f0.5_d34_171452 28.23 40.77 0.2404 
f0.5_d34_355502 28.74 39.86 0.2431 
f0.5_d34_284152 29.26 40.94 0.2429 
f0.5_d34_323636 27.7 40.34 0.2433 
f0.5_d34_716631 25.99 39.61 0.245 
f0.5_d34_116351 29.95 40.61 0.2461 
f0.5_d34_645383 27.39 38.94 0.246 
f0.5_d34_878602 27.67 40.41 0.2404 
f0.5_d34_665175 30.1 41.95 0.2445 
f0.5_d34_413897 26.73 39.36 0.2465 
f0.5_d34_791306 27.41 38.19 0.2397 
f0.5_d34_826231 27.67 39.2 0.2468 
f0.5_d34_332633 26.67 39.19 0.2414 
f0.5_d34_330512 27.63 40.49 0.2399 
f0.5_d34_844928 27.51 40.36 0.2376 
f0.5_d34_228619 30.98 41.27 0.2446 
f0.5_d34_714827 27.34 38.64 0.2432 
f0.5_d45_51896 35.07 49.46 0.2462 
f0.5_d45_759478 36.42 48.82 0.2481 
f0.5_d45_452093 34.93 47.43 0.2415 
f0.5_d45_438946 36.34 48.28 0.244 
f0.5_d45_130245 36.18 48.82 0.2421 
f0.5_d45_391509 34.14 48.01 0.2415 
f0.5_d45_373008 35.64 48.15 0.2488 
f0.5_d45_231139 35.13 47.98 0.2432 
f0.5_d45_548966 38.63 50.77 0.2436 
f0.5_d45_644595 37.37 48.75 0.2405 
f0.5_d45_734356 33.83 48.18 0.2426 
f0.5_d45_540807 34.69 46.49 0.2407 
f0.5_d45_390321 39.25 49.55 0.2389 
f0.5_d45_274620 36.28 49.21 0.2448 
f0.5_d45_377581 35.59 48.3 0.2469 
f0.5_d45_984395 35.3 48.66 0.2443 
f0.5_d45_335749 36.94 48.77 0.2472 
f0.5_d45_325668 38.13 47.79 0.2426 
f0.5_d45_257019 34.85 48.19 0.2443 
f0.5_d45_137787 36.34 48.93 0.2467 
f0.5_d45_561083 37.09 48.85 0.2492 
f0.5_d45_910071 36.96 48.16 0.248 
f0.5_d45_617631 33.23 47.72 0.2444 
f0.5_d45_220480 38.2 47.54 0.2482 
f0.5_d45_803905 36.46 48.12 0.2451 
f0.5_d45_108860 35.67 48.42 0.2426 
f0.5_d45_184193 37.01 47.87 0.2465 
f0.5_d45_769814 37.74 49.6 0.2434 
f0.5_d45_336105 38.2 48.85 0.2444 
f0.5_d45_663413 37.07 48.89 0.2436 
f0.65_d23_406077 21.79 32.87 0.2413 
f0.65_d23_911604 21.58 32.64 0.2402 
f0.65_d23_669080 18.98 31.15 0.24 
f0.65_d23_277609 22.45 32.46 0.2407 
f0.65_d23_957875 23.62 32.99 0.2433 
f0.65_d23_386255 23.48 33.76 0.2414 
f0.65_d23_270750 22.06 33.27 0.2392 
f0.65_d23_756344 22.2 32.9 0.2381 
f0.65_d23_695373 20.7 31.92 0.2364 
f0.65_d23_646647 23.3 32.93 0.238 
f0.65_d23_489517 23.14 32.89 0.2415 
f0.65_d23_63899 20.47 33.38 0.2423 
f0.65_d23_649448 25.22 33.86 0.242 
f0.65_d23_671163 23.65 33.41 0.2404 
f0.65_d23_340758 20.8 32.92 0.2397 
f0.65_d23_478930 19.89 31.51 0.2395 
f0.65_d23_681719 22.76 31.87 0.2394 
f0.65_d23_140379 19.22 30.99 0.2408 
f0.65_d23_17783 19.35 31.51 0.2385 
f0.65_d23_642225 20.65 32.22 0.2369 
f0.65_d23_685079 20.54 32.84 0.2398 
f0.65_d23_737884 22.0 32.59 0.2414 
f0.65_d23_265015 22.31 32.15 0.2387 
f0.65_d23_104097 21.14 32.38 0.242 
f0.65_d23_835696 25.0 33.65 0.2435 
f0.65_d23_412995 24.41 33.72 0.2387 
f0.65_d23_937006 21.51 32.59 0.2414 
f0.65_d34_89822 31.41 41.35 0.2457 
f0.65_d34_359896 30.57 40.56 0.2429 
f0.65_d34_871414 31.81 41.47 0.2421 
f0.65_d34_136783 30.89 42.27 0.2414 
f0.65_d34_891132 27.99 40.11 0.2413 
f0.65_d34_34644 30.16 42.03 0.2445 
f0.65_d34_847487 30.49 41.97 0.2414 
f0.65_d34_667039 30.92 41.54 0.2464 
f0.65_d34_262973 29.0 40.46 0.2433 
f0.65_d34_439075 32.54 41.79 0.2432 
f0.65_d34_156761 29.52 41.2 0.2469 
f0.65_d34_860727 26.49 38.15 0.244 
f0.65_d34_933939 31.07 41.94 0.2445 
f0.65_d34_822986 32.44 41.34 0.245 
f0.65_d34_553130 32.15 42.28 0.2434 
f0.65_d34_843681 29.71 40.83 0.2414 
f0.65_d34_199030 31.51 42.91 0.2455 
f0.65_d34_731278 27.38 40.68 0.2402 
f0.65_d34_883818 32.12 43.69 0.2428 
f0.65_d34_633483 28.11 41.26 0.2402 
f0.65_d34_547296 28.56 41.53 0.2387 
f0.65_d34_410248 29.37 40.62 0.2419 
f0.65_d34_167469 28.83 40.48 0.2417 
f0.65_d34_90690 28.13 40.64 0.2413 
f0.65_d34_282663 27.06 40.52 0.2417 
f0.65_d34_103924 29.31 41.86 0.2416 
f0.65_d34_381050 30.11 40.94 0.2426 
f0.65_d34_339261 33.76 43.06 0.2437 
f0.65_d34_484687 29.59 41.62 0.2423 
f0.65_d34_716647 29.9 40.75 0.2431 
f0.65_d45_739957 36.18 48.43 0.2403 
f0.65_d45_987880 39.46 50.92 0.2429 
f0.65_d45_797184 38.38 50.03 0.2451 
f0.65_d45_67835 40.02 51.04 0.2479 
f0.65_d45_983076 35.25 49.55 0.245 
f0.65_d45_445945 38.4 50.01 0.2416 
f0.65_d45_415171 37.8 49.08 0.2453 
f0.65_d45_237463 35.28 48.88 0.2392 
f0.65_d45_421265 40.07 51.57 0.2444 
f0.65_d45_413746 41.34 51.35 0.2447 
f0.65_d45_234834 35.92 48.83 0.2416 
f0.65_d45_968700 37.52 49.45 0.2436 
f0.65_d45_527232 38.55 49.28 0.2468 
f0.65_d45_183947 37.66 49.29 0.2473 
f0.65_d45_591134 38.78 49.75 0.2444 
f0.65_d45_625369 38.16 50.53 0.2424 
f0.65_d45_570527 40.84 51.19 0.249 
f0.65_d45_833437 37.6 50.34 0.2408 
f0.65_d45_928140 37.77 50.67 0.244 
f0.65_d45_213759 37.99 49.93 0.2484 
f0.65_d45_602726 36.76 50.06 0.2433 
f0.65_d45_159964 39.75 50.32 0.2433 
f0.65_d45_900244 37.54 49.91 0.2435 
f0.65_d45_127962 39.05 50.6 0.243 
f0.65_d45_211056 38.81 50.7 0.2422 
f0.65_d45_377168 39.44 50.16 0.2418 
f0.65_d45_225500 39.37 51.29 0.2427 
f0.8_d23_730393 23.23 33.28 0.2373 
f0.8_d23_628280 21.46 32.01 0.2404 
f0.8_d23_205255 20.68 32.9 0.2383 
f0.8_d23_329412 21.91 32.49 0.2382 
f0.8_d23_444795 20.4 32.1 0.2406 
f0.8_d23_236918 21.53 33.28 0.2441 
f0.8_d23_180789 22.72 31.97 0.2389 
f0.8_d23_182181 22.16 32.81 0.239 
f0.8_d23_649659 24.72 33.56 0.2417 
f0.8_d23_782794 22.5 33.92 0.2399 
f0.8_d23_510513 22.62 33.16 0.2409 
f0.8_d23_460830 22.59 33.94 0.2392 
f0.8_d23_325960 24.68 35.17 0.2403 
f0.8_d23_591599 22.19 33.65 0.2371 
f0.8_d23_403070 24.3 34.58 0.2418 
f0.8_d23_91001 20.64 32.2 0.248 
f0.8_d23_238828 26.46 34.37 0.2432 
f0.8_d23_499473 26.67 36.07 0.2395 
f0.8_d23_157629 22.16 32.52 0.2444 
f0.8_d23_483650 21.86 33.78 0.2426 
f0.8_d23_315426 23.68 32.53 0.2377 
f0.8_d23_260454 21.74 32.75 0.2412 
f0.8_d23_648644 22.41 33.7 0.241 
f0.8_d23_924003 25.49 34.36 0.2421 
f0.8_d23_907457 22.13 33.09 0.2403 
f0.8_d23_271092 20.47 33.44 0.2397 
f0.8_d23_691170 22.64 33.47 0.2415 
f0.8_d23_657831 20.88 32.37 0.2365 
f0.8_d23_710060 22.55 33.47 0.2395 
f0.8_d34_544225 31.96 43.21 0.2435 
f0.8_d34_315592 32.76 42.89 0.2429 
f0.8_d34_412717 30.07 41.71 0.2418 
f0.8_d34_96215 31.71 43.42 0.2417 
f0.8_d34_658972 31.85 42.61 0.2417 
f0.8_d34_289664 28.38 41.52 0.2415 
f0.8_d34_726836 28.42 40.94 0.2433 
f0.8_d34_394736 31.39 42.51 0.2395 
f0.8_d34_351620 29.93 42.09 0.2401 
f0.8_d34_878591 31.93 41.2 0.2451 
f0.8_d34_871772 33.99 44.3 0.2467 
f0.8_d34_388249 31.28 43.0 0.2407 
f0.8_d34_186848 30.0 41.04 0.2436 
f0.8_d34_239544 31.25 40.97 0.2415 
f0.8_d34_97389 32.44 42.91 0.2456 
f0.8_d34_911487 28.51 40.38 0.2429 
f0.8_d34_480339 29.92 41.34 0.2397 
f0.8_d34_643602 32.03 42.31 0.244 
f0.8_d34_620590 29.11 41.51 0.2385 
f0.8_d34_411108 31.42 42.67 0.239 
f0.8_d34_284484 31.05 42.39 0.2441 
f0.8_d34_570169 31.54 42.07 0.2412 
f0.8_d34_352746 30.72 42.35 0.2369 
f0.8_d34_666993 28.86 41.16 0.2454 
f0.8_d34_584784 32.31 43.0 0.2421 
f0.8_d34_715078 33.08 43.11 0.2456 
f0.8_d45_544710 37.31 50.74 0.2422 
f0.8_d45_87188 42.65 51.82 0.2439 
f0.8_d45_630414 38.92 50.76 0.2451 
f0.8_d45_155322 40.33 51.43 0.2396 
f0.8_d45_454143 38.79 49.87 0.2451 
f0.8_d45_399362 36.85 50.35 0.238 
f0.8_d45_380166 40.08 52.32 0.2422 
f0.8_d45_988310 38.08 49.75 0.2425 
f0.8_d45_445097 40.11 50.85 0.2412 
f0.8_d45_353137 40.91 51.38 0.2427 
f0.8_d45_323251 38.91 51.18 0.24 
f0.8_d45_163957 40.87 52.7 0.2405 
f0.8_d45_598493 40.67 52.2 0.241 
f0.8_d45_742641 43.85 52.62 0.245 
f0.8_d45_407976 39.6 51.2 0.2427 
f0.8_d45_428219 38.33 52.33 0.2407 
f0.8_d45_260948 40.79 51.51 0.2421 
f0.8_d45_961640 41.09 53.12 0.2399 
f0.8_d45_865374 41.58 53.1 0.2433 
f0.8_d45_14195 40.46 51.2 0.2433 
f0.8_d45_802867 39.64 50.85 0.2423 
f0.8_d45_212977 38.26 52.27 0.2398 
f0.8_d45_69705 41.64 51.0 0.2404 
f0.8_d45_670293 39.24 50.64 0.2458 
f0.8_d45_221396 37.87 52.1 0.2384 
f0.8_d45_570758 39.29 50.97 0.2418 
f0.8_d45_753563 43.66 52.96 0.2444 
f0.8_d45_177879 41.87 51.27 0.2414 
f0.8_d45_919338 41.84 52.37 0.247 
f0.8_d45_201703 38.05 52.97 0.2421 
