f0.5_d34_215856 29.14 40.39 0.284 
f0.65_d34_606966 31.75 42.18 0.2819 
f0.5_d45_277854 34.68 46.81 0.2817 
f0.5_d45_666534 35.97 47.06 0.2816 
f0.8_d34_270830 30.32 43.13 0.2811 
f0.5_d34_293346 26.9 39.12 0.277 
f0.65_d34_211883 29.29 41.21 0.277 
f0.65_d34_560503 32.87 42.26 0.2768 
f0.35_d45_782395 34.62 46.11 0.2767 
f0.5_d45_872520 36.54 49.1 0.2761 
f0.65_d34_904340 30.49 42.23 0.2759 
f0.8_d34_544391 32.13 42.35 0.2754 
f0.35_d45_190621 33.95 47.07 0.2752 
f0.35_d45_22346 33.63 46.26 0.2746 
f0.65_d34_749312 31.73 40.67 0.2746 
f0.65_d34_798103 31.46 40.48 0.2745 
f0.5_d45_357871 37.45 48.71 0.274 
f0.65_d34_766135 28.55 40.32 0.274 
f0.5_d34_538378 27.15 39.87 0.2739 
f0.65_d34_305660 28.77 41.06 0.2737 
f0.5_d34_103935 29.16 40.66 0.2735 
f0.65_d34_369972 28.91 41.78 0.2729 
f0.65_d34_626340 30.42 42.31 0.2727 
f0.65_d34_652973 29.11 41.07 0.2726 
f0.65_d34_209228 32.55 43.19 0.2724 
f0.5_d34_927153 26.82 38.44 0.2723 
f0.5_d34_264892 28.67 41.19 0.2723 
f0.5_d45_260571 36.76 49.21 0.2719 
f0.5_d34_855597 28.24 39.71 0.2717 
f0.65_d45_324351 35.81 49.87 0.2716 
f0.65_d34_141974 29.71 40.93 0.2713 
f0.5_d45_376031 34.73 48.9 0.2711 
f0.5_d34_320363 27.31 39.93 0.271 
f0.5_d34_212344 25.86 39.31 0.2708 
f0.65_d34_293925 26.76 40.33 0.2708 
f0.35_d34_310849 27.96 39.75 0.2697 
f0.5_d45_218754 39.84 50.22 0.2697 
f0.8_d34_756478 32.93 43.11 0.2696 
f0.65_d34_793176 32.58 40.96 0.2693 
f0.35_d45_806276 35.23 47.16 0.2691 
f0.5_d34_802831 27.16 39.15 0.2691 
f0.65_d34_132580 32.18 43.12 0.2689 
f0.5_d34_551289 28.08 38.95 0.2688 
f0.5_d45_281204 37.63 48.85 0.2685 
f0.2_d34_531760 25.34 37.88 0.2683 
f0.5_d34_860092 30.49 40.82 0.2683 
f0.65_d34_425793 29.08 41.1 0.2683 
f0.5_d34_313038 29.16 39.71 0.2682 
f0.35_d45_233621 34.15 46.87 0.2681 
f0.65_d34_582120 28.08 42.16 0.2681 
f0.65_d34_108628 32.4 43.02 0.2678 
f0.8_d34_473758 29.31 42.5 0.2677 
f0.65_d34_200407 32.87 42.46 0.2674 
f0.2_d34_364347 25.92 38.89 0.2671 
f0.5_d45_200923 36.53 49.43 0.2671 
f0.35_d45_786397 33.15 48.02 0.2668 
f0.5_d34_166210 27.78 40.25 0.2667 
f0.5_d34_434632 29.62 40.62 0.2667 
f0.35_d45_185741 32.84 46.57 0.2666 
f0.8_d34_520406 30.99 44.01 0.2665 
f0.65_d34_431342 28.29 40.78 0.2664 
f0.65_d34_759746 30.62 41.79 0.2664 
f0.65_d34_109313 29.83 42.21 0.2663 
f0.65_d45_650752 37.17 47.63 0.2663 
f0.8_d34_89769 30.39 41.38 0.2662 
f0.35_d34_56999 27.26 40.07 0.266 
f0.65_d34_606472 29.27 40.97 0.266 
f0.65_d34_217461 30.78 41.27 0.266 
f0.35_d45_149823 34.03 47.82 0.2659 
f0.8_d23_41584 25.48 33.35 0.2659 
f0.5_d34_597771 28.92 40.72 0.2658 
f0.5_d45_568283 37.5 48.79 0.2657 
f0.65_d34_608257 28.96 41.45 0.2657 
f0.8_d34_883844 30.71 42.39 0.2657 
f0.8_d45_103761 38.18 51.06 0.2657 
f0.65_d34_381383 31.57 41.8 0.2656 
f0.65_d34_785254 31.0 42.65 0.2654 
f0.65_d45_975349 38.86 50.64 0.2653 
f0.35_d45_869577 34.9 47.25 0.2651 
f0.65_d34_704185 31.01 42.55 0.2651 
f0.65_d23_26175 24.58 33.57 0.265 
f0.35_d34_977226 29.94 39.43 0.2648 
f0.5_d45_968132 34.65 50.21 0.2647 
f0.65_d34_356858 32.13 42.14 0.2647 
f0.8_d34_971655 31.84 41.87 0.2647 
f0.8_d34_599575 31.51 41.98 0.2645 
f0.65_d34_879967 31.29 42.33 0.2642 
f0.5_d34_550794 29.5 40.64 0.2641 
f0.5_d45_79192 36.6 48.61 0.264 
f0.8_d34_944959 28.23 40.96 0.264 
f0.5_d34_379807 29.33 40.31 0.2639 
f0.35_d34_566788 27.26 39.28 0.2638 
f0.35_d45_940451 35.49 47.38 0.2637 
f0.5_d34_578623 28.6 39.89 0.2637 
f0.5_d34_135678 29.82 41.28 0.2637 
f0.5_d45_402080 34.82 47.13 0.2636 
f0.65_d34_826308 30.89 42.67 0.2636 
f0.65_d34_485850 30.35 42.67 0.2636 
f0.35_d34_442082 28.3 39.17 0.2635 
f0.35_d45_363106 34.23 47.19 0.2635 
f0.5_d34_944437 29.89 42.28 0.2635 
f0.65_d34_738610 30.26 40.75 0.2635 
f0.35_d34_220270 26.35 39.72 0.2634 
f0.65_d45_795129 38.81 49.86 0.2633 
f0.35_d45_723897 34.41 45.99 0.2632 
f0.65_d45_477696 40.55 51.47 0.2632 
f0.5_d45_860458 37.87 49.81 0.2631 
f0.5_d45_443708 39.08 50.05 0.263 
f0.2_d45_171001 32.56 45.06 0.2629 
f0.5_d34_815645 26.95 39.43 0.2629 
f0.5_d34_450336 25.24 38.74 0.2629 
f0.35_d45_902237 33.63 47.31 0.2627 
f0.65_d34_580703 28.67 40.96 0.2627 
f0.8_d23_976409 23.6 33.95 0.2627 
f0.8_d34_135903 30.59 42.99 0.2627 
f0.5_d34_247920 27.48 38.94 0.2625 
f0.35_d45_19517 34.85 47.75 0.2624 
f0.35_d45_9493 35.09 48.5 0.2624 
f0.8_d34_271615 30.99 42.04 0.2624 
f0.5_d45_712443 36.05 49.78 0.2623 
f0.5_d34_883837 27.94 39.37 0.2622 
f0.35_d45_482726 34.86 48.34 0.2621 
f0.5_d45_865105 35.25 48.11 0.262 
f0.8_d34_629806 32.32 42.0 0.262 
f0.35_d34_903570 26.55 38.43 0.2619 
f0.2_d45_530920 32.01 46.02 0.2618 
f0.5_d34_851735 28.58 40.19 0.2618 
f0.65_d45_734901 36.92 49.28 0.2618 
f0.5_d45_858494 36.14 48.98 0.2617 
f0.8_d23_411060 22.57 33.64 0.2617 
f0.65_d23_152728 23.32 34.1 0.2615 
f0.5_d45_77157 33.68 48.02 0.2614 
f0.5_d45_816745 37.2 47.98 0.2614 
f0.5_d34_154734 29.93 41.0 0.2613 
f0.65_d45_967491 39.22 51.71 0.2613 
f0.8_d23_496638 23.99 33.99 0.2612 
f0.35_d45_352545 36.52 48.43 0.2611 
f0.5_d34_183367 30.15 40.43 0.2611 
f0.5_d45_897755 35.87 46.85 0.2611 
f0.65_d34_556886 33.18 42.83 0.2611 
f0.8_d34_350587 31.65 42.35 0.2611 
f0.8_d34_89778 30.73 42.63 0.2611 
f0.5_d34_883419 29.7 41.65 0.261 
f0.5_d45_30952 40.52 51.14 0.2609 
f0.5_d45_332124 37.27 48.4 0.2609 
f0.8_d45_940347 39.92 49.93 0.2609 
f0.35_d34_773446 27.16 40.45 0.2608 
f0.5_d34_329176 31.0 43.15 0.2608 
f0.5_d45_197912 38.33 49.91 0.2608 
f0.8_d34_65074 33.37 43.2 0.2606 
f0.35_d45_761073 33.12 45.94 0.2605 
f0.65_d45_556193 36.4 50.69 0.2605 
f0.35_d45_815663 34.65 46.41 0.2604 
f0.2_d45_483295 32.04 45.62 0.2603 
f0.35_d45_371176 37.39 48.91 0.2603 
f0.35_d45_468597 31.6 46.88 0.2602 
f0.5_d34_364522 28.71 40.32 0.2602 
f0.5_d34_255742 29.05 42.23 0.2602 
f0.5_d34_639898 30.25 41.37 0.2601 
f0.65_d34_964467 27.66 40.32 0.2601 
f0.65_d45_372692 39.63 51.25 0.2601 
f0.35_d34_597943 25.41 39.53 0.26 
f0.35_d34_848391 27.15 38.75 0.26 
f0.65_d34_716967 29.26 40.59 0.26 
f0.35_d45_278986 34.61 47.24 0.2599 
f0.5_d45_708369 37.87 50.24 0.2599 
f0.65_d45_528280 40.81 50.95 0.2599 
f0.5_d45_191873 39.02 51.06 0.2597 
f0.65_d34_207792 29.53 40.91 0.2597 
f0.65_d34_196808 32.11 42.54 0.2597 
f0.8_d23_116999 21.72 32.9 0.2597 
f0.5_d45_732661 35.38 47.55 0.2596 
f0.35_d34_427839 25.53 38.23 0.2595 
f0.65_d45_12797 35.61 48.94 0.2595 
f0.65_d34_547560 29.1 41.05 0.2594 
f0.35_d34_840720 29.04 39.35 0.2593 
f0.5_d34_550188 30.01 41.85 0.2593 
f0.35_d45_153644 32.58 47.0 0.2592 
f0.35_d34_876023 26.13 39.25 0.2591 
f0.5_d34_499017 26.62 39.57 0.2591 
f0.5_d34_976619 27.93 39.1 0.2591 
f0.5_d34_374010 26.84 39.81 0.2591 
f0.2_d45_618663 33.48 46.38 0.259 
f0.5_d45_587450 37.43 50.21 0.259 
f0.8_d23_672048 24.63 34.68 0.2589 
f0.2_d45_11686 32.41 45.75 0.2588 
f0.5_d45_83127 35.21 48.51 0.2588 
f0.35_d45_704309 34.14 47.95 0.2587 
f0.5_d45_767800 34.25 47.36 0.2587 
f0.8_d34_613379 30.74 41.63 0.2587 
f0.5_d45_234450 36.7 49.19 0.2586 
f0.35_d45_673417 32.93 44.94 0.2585 
f0.5_d23_630630 21.42 32.66 0.2585 
f0.65_d34_667442 31.09 42.44 0.2585 
f0.5_d34_122790 26.81 38.86 0.2584 
f0.5_d34_418764 31.3 42.79 0.2583 
f0.65_d34_696693 29.35 41.09 0.2583 
f0.35_d34_193418 27.43 37.72 0.2582 
f0.35_d34_765605 29.84 39.96 0.2582 
f0.5_d34_714081 33.1 42.15 0.2582 
f0.65_d34_875975 26.91 40.3 0.2581 
f0.5_d45_675415 35.96 49.26 0.258 
f0.5_d45_138879 36.63 49.44 0.258 
f0.5_d45_144762 35.92 48.79 0.258 
f0.35_d34_525922 28.96 40.0 0.2578 
f0.5_d34_172398 30.87 41.1 0.2578 
f0.2_d45_361864 33.93 46.1 0.2577 
f0.5_d45_978914 38.07 48.21 0.2577 
f0.8_d23_779174 22.04 33.63 0.2577 
f0.5_d45_124151 36.98 49.04 0.2576 
f0.65_d34_476675 26.19 39.57 0.2576 
f0.8_d23_37857 25.58 33.92 0.2575 
f0.8_d34_745131 31.84 44.05 0.2575 
f0.2_d45_389905 31.85 45.49 0.2574 
f0.65_d45_57629 37.15 50.85 0.2574 
f0.65_d45_674660 36.84 49.61 0.2574 
f0.5_d34_740958 26.54 40.12 0.2573 
f0.5_d45_660212 36.59 49.58 0.2573 
f0.5_d45_222089 39.26 50.51 0.2573 
f0.65_d45_138964 36.31 49.91 0.2573 
f0.65_d45_18994 38.68 48.92 0.2573 
f0.8_d23_892625 24.55 34.35 0.2573 
f0.65_d34_766361 33.63 43.2 0.2572 
f0.8_d45_230908 40.11 52.04 0.2572 
f0.35_d45_683791 32.15 46.78 0.2571 
f0.65_d45_357426 39.49 51.78 0.2571 
f0.8_d34_202604 34.98 44.38 0.2571 
f0.8_d34_479997 32.9 42.42 0.2571 
f0.35_d45_463514 35.62 47.99 0.257 
f0.65_d34_105818 33.33 41.93 0.2569 
f0.8_d34_475153 32.73 42.96 0.2569 
f0.8_d34_990675 31.33 42.94 0.2569 
f0.35_d34_229123 26.94 40.32 0.2568 
f0.5_d45_637785 37.55 48.28 0.2568 
f0.65_d45_640651 36.03 49.9 0.2568 
f0.8_d34_673467 33.99 42.93 0.2568 
f0.8_d34_240530 31.17 44.0 0.2568 
f0.2_d45_360626 31.77 45.53 0.2567 
f0.65_d34_582799 30.41 40.82 0.2567 
f0.65_d45_444893 38.53 50.5 0.2567 
f0.8_d34_924259 32.09 41.97 0.2567 
f0.8_d34_715940 29.26 42.62 0.2567 
f0.35_d34_74694 26.14 38.09 0.2566 
f0.35_d34_129268 29.79 40.23 0.2565 
f0.8_d34_92517 30.14 42.0 0.2565 
f0.65_d34_306620 31.76 42.78 0.2564 
f0.8_d23_786926 25.89 34.98 0.2564 
f0.8_d34_23190 31.67 44.02 0.2564 
f0.35_d45_662950 35.99 48.9 0.2563 
f0.5_d34_651301 31.39 41.46 0.2563 
f0.2_d34_918800 26.8 38.82 0.2562 
f0.5_d34_323072 26.09 39.94 0.2562 
f0.65_d34_767523 30.26 41.32 0.2561 
f0.8_d23_73823 22.26 33.56 0.2561 
f0.65_d34_150458 30.97 42.12 0.256 
f0.65_d45_810731 38.28 49.18 0.256 
f0.8_d23_532619 23.92 35.34 0.256 
f0.2_d34_878873 26.66 37.69 0.2559 
f0.35_d45_562451 34.41 46.83 0.2559 
f0.8_d34_786064 28.51 41.99 0.2559 
f0.35_d34_432146 26.66 38.76 0.2558 
f0.5_d34_228641 26.72 39.54 0.2558 
f0.35_d45_191994 34.16 46.85 0.2557 
f0.2_d45_187907 30.69 45.43 0.2556 
f0.65_d23_547181 22.97 32.66 0.2556 
f0.65_d34_492045 26.35 39.57 0.2556 
f0.8_d34_143654 30.4 42.29 0.2556 
f0.35_d34_391301 27.32 38.8 0.2555 
f0.5_d34_564278 27.64 39.87 0.2554 
f0.5_d34_145314 28.1 40.24 0.2554 
f0.65_d34_521316 33.06 42.27 0.2554 
f0.35_d45_387351 33.04 46.48 0.2553 
f0.65_d23_795704 23.05 32.49 0.2551 
f0.8_d23_54309 22.6 33.14 0.2551 
f0.35_d34_985329 27.12 40.06 0.255 
f0.35_d45_66254 34.91 46.79 0.255 
f0.8_d23_457563 25.27 34.5 0.255 
f0.5_d34_265546 29.79 40.96 0.2549 
f0.8_d34_293034 30.86 41.8 0.2549 
f0.35_d45_690323 34.05 47.74 0.2548 
f0.65_d34_825983 31.15 40.92 0.2548 
f0.65_d45_963781 39.95 50.38 0.2546 
f0.5_d23_382589 23.53 33.46 0.2545 
f0.65_d45_488737 35.87 48.65 0.2545 
f0.8_d23_102851 21.99 33.01 0.2545 
f0.8_d34_518472 33.8 43.33 0.2545 
f0.35_d34_880965 29.53 40.69 0.2544 
f0.65_d34_518978 31.73 42.57 0.2544 
f0.35_d45_97144 34.09 47.0 0.2543 
f0.5_d45_452180 37.2 49.99 0.2543 
f0.8_d34_62441 29.93 41.41 0.2543 
f0.2_d45_60953 31.84 45.8 0.2542 
f0.2_d45_623368 32.72 44.63 0.2542 
f0.35_d34_849709 29.22 39.25 0.2542 
f0.5_d34_299414 24.93 38.06 0.2542 
f0.65_d45_220225 39.42 49.57 0.2541 
f0.8_d45_741132 39.36 51.52 0.2541 
f0.2_d34_642180 25.3 38.66 0.254 
f0.5_d34_985510 28.28 40.62 0.254 
f0.5_d34_13098 31.36 41.22 0.254 
f0.35_d45_383964 35.87 46.96 0.2539 
f0.65_d34_167887 29.93 41.55 0.2539 
f0.65_d34_522372 33.37 42.54 0.2539 
f0.65_d45_662250 38.49 49.84 0.2539 
f0.8_d34_129325 32.43 45.3 0.2539 
f0.5_d34_982888 26.68 40.78 0.2538 
f0.65_d34_309441 29.95 40.17 0.2537 
f0.65_d34_927964 31.95 42.4 0.2537 
f0.65_d45_395884 35.81 50.49 0.2537 
f0.65_d45_950211 36.95 50.02 0.2536 
f0.5_d45_311322 35.7 48.7 0.2535 
f0.65_d45_195023 38.57 50.2 0.2535 
f0.8_d23_122192 24.26 33.93 0.2535 
f0.8_d34_130270 31.12 42.55 0.2534 
f0.2_d34_960309 25.03 37.98 0.2533 
f0.35_d45_171996 33.34 45.93 0.2533 
f0.5_d34_424391 29.42 40.86 0.2533 
f0.35_d34_793761 27.56 40.17 0.2532 
f0.65_d45_307167 37.37 51.9 0.2532 
f0.35_d34_659756 25.97 39.15 0.2531 
f0.35_d34_838239 28.33 39.79 0.2531 
f0.35_d34_473456 28.4 40.75 0.2531 
f0.5_d45_186652 37.27 47.53 0.2529 
f0.5_d45_828955 36.86 48.44 0.2529 
f0.65_d34_390198 29.4 42.43 0.2529 
f0.65_d45_330823 38.35 51.82 0.2529 
f0.8_d23_140431 22.42 34.06 0.2529 
f0.8_d34_729514 28.36 42.06 0.2529 
f0.8_d34_119055 31.18 42.95 0.2529 
f0.5_d23_498204 20.95 33.05 0.2528 
f0.5_d34_76425 32.56 42.47 0.2528 
f0.5_d45_690042 35.22 48.26 0.2528 
f0.5_d23_64989 21.13 32.56 0.2527 
f0.5_d34_348042 27.3 40.16 0.2527 
f0.8_d34_630566 31.99 42.13 0.2527 
f0.2_d34_477389 26.69 38.83 0.2526 
f0.5_d34_22318 28.1 40.8 0.2526 
f0.5_d45_504939 36.62 48.95 0.2526 
f0.8_d34_927728 28.93 41.57 0.2526 
f0.65_d45_255484 41.17 51.07 0.2525 
f0.8_d34_643112 34.66 44.25 0.2525 
f0.8_d34_538863 32.26 44.15 0.2525 
f0.65_d34_521856 28.31 40.34 0.2524 
f0.8_d34_310944 33.15 42.63 0.2524 
f0.2_d45_594577 32.67 45.73 0.2523 
f0.5_d45_792152 36.84 50.02 0.2523 
f0.65_d23_782441 23.43 33.0 0.2523 
f0.8_d34_286346 29.38 40.94 0.2523 
f0.5_d34_211572 27.89 39.62 0.2522 
f0.8_d34_277642 31.49 43.28 0.2522 
f0.35_d34_546365 24.28 38.23 0.2521 
f0.35_d34_684566 29.03 39.45 0.252 
f0.5_d45_431544 37.95 50.38 0.252 
f0.8_d23_583258 25.45 33.94 0.252 
f0.65_d34_560546 29.11 41.11 0.2519 
f0.65_d45_932073 39.41 48.67 0.2518 
f0.35_d34_462241 27.65 38.69 0.2517 
f0.8_d34_328923 32.8 43.96 0.2517 
f0.8_d34_619462 29.48 42.15 0.2517 
f0.8_d23_479524 22.12 33.46 0.2516 
f0.35_d34_887940 28.69 39.65 0.2515 
f0.65_d34_485372 28.25 41.16 0.2514 
f0.65_d45_507978 38.49 51.51 0.2514 
f0.35_d34_165901 25.57 38.41 0.2512 
f0.35_d34_15067 29.04 39.71 0.2512 
f0.2_d45_678334 33.41 45.84 0.2511 
f0.35_d34_129396 29.45 38.28 0.251 
f0.65_d45_397949 39.12 50.35 0.251 
f0.8_d23_159062 24.4 34.08 0.251 
f0.35_d34_770173 27.16 38.5 0.2508 
f0.5_d34_429035 28.94 41.17 0.2507 
f0.5_d45_522368 37.62 50.89 0.2507 
f0.65_d23_53367 23.51 33.66 0.2507 
f0.8_d23_787314 22.58 33.3 0.2507 
f0.8_d23_348546 22.2 32.26 0.2507 
f0.35_d45_256407 34.77 48.42 0.2506 
f0.65_d45_455384 39.72 50.46 0.2506 
f0.65_d45_266847 39.19 50.83 0.2506 
f0.35_d45_379576 35.85 46.89 0.2505 
f0.2_d45_580665 32.83 45.71 0.2504 
f0.8_d23_836860 22.52 33.5 0.2504 
f0.2_d34_1779 24.38 37.75 0.2503 
f0.65_d45_986912 38.5 50.36 0.2502 
f0.8_d23_132666 24.78 33.01 0.2502 
f0.2_d34_909440 25.97 38.43 0.2501 
f0.8_d23_96580 23.11 33.38 0.2501 
f0.35_d23_595550 20.77 31.75 0.25 
f0.35_d34_542777 25.67 38.43 0.25 
f0.5_d45_166605 36.2 49.55 0.25 
f0.8_d34_880316 33.74 44.07 0.25 
f0.2_d45_97880 29.4 44.61 0.2499 
f0.65_d23_536847 23.22 32.84 0.2499 
f0.8_d34_972699 29.27 42.12 0.2499 
f0.35_d34_216088 26.26 38.22 0.2498 
f0.35_d45_819808 34.97 47.62 0.2498 
f0.65_d45_565315 38.08 50.52 0.2498 
f0.8_d34_655615 29.81 42.44 0.2498 
f0.8_d45_617599 39.42 51.98 0.2497 
f0.35_d45_678530 32.03 46.21 0.2496 
f0.65_d23_211519 22.68 32.68 0.2496 
f0.2_d45_949374 31.24 44.63 0.2495 
f0.35_d34_43594 27.14 39.66 0.2495 
f0.5_d45_376888 37.01 50.2 0.2495 
f0.5_d45_102912 39.19 50.34 0.2495 
f0.8_d34_643399 29.93 42.23 0.2495 
f0.65_d23_119680 21.8 32.59 0.2494 
f0.8_d34_668294 30.64 42.8 0.2494 
f0.5_d45_965804 36.29 49.03 0.2493 
f0.2_d34_634831 27.43 39.11 0.2492 
f0.2_d45_273781 31.25 44.02 0.2492 
f0.65_d45_756373 40.51 53.11 0.2492 
f0.35_d34_476045 28.02 39.44 0.2491 
f0.8_d34_120476 31.68 43.59 0.2491 
f0.65_d45_36478 40.32 51.06 0.249 
f0.65_d45_719864 37.82 48.76 0.249 
f0.35_d45_361492 35.89 47.56 0.2488 
f0.65_d23_208721 24.13 32.83 0.2488 
f0.65_d45_186399 40.13 50.68 0.2488 
f0.2_d45_561352 33.33 45.7 0.2487 
f0.8_d45_45359 40.85 50.75 0.2487 
f0.2_d45_428703 33.01 46.46 0.2486 
f0.5_d45_582638 37.13 50.22 0.2486 
f0.8_d34_776206 31.43 42.27 0.2486 
f0.65_d34_644288 33.99 42.76 0.2483 
f0.35_d34_30356 27.4 39.28 0.2482 
f0.8_d34_617619 31.59 42.93 0.2482 
f0.65_d34_775120 31.09 42.38 0.2481 
f0.8_d34_423030 31.04 43.84 0.2481 
f0.35_d34_844925 26.39 39.08 0.248 
f0.5_d34_355533 26.39 41.52 0.248 
f0.65_d23_844956 21.6 33.59 0.248 
f0.65_d45_873192 39.14 49.87 0.248 
f0.2_d45_669570 33.1 45.52 0.2479 
f0.8_d34_96285 30.86 42.25 0.2479 
f0.2_d34_364428 24.82 38.31 0.2478 
f0.8_d34_494440 32.74 42.82 0.2478 
f0.8_d23_989577 23.33 34.34 0.2477 
f0.35_d45_547428 34.89 47.84 0.2475 
f0.5_d23_593139 22.32 32.77 0.2475 
f0.5_d34_625026 29.02 39.76 0.2475 
f0.5_d45_949031 37.43 49.54 0.2475 
f0.65_d45_85099 37.59 48.66 0.2475 
f0.35_d34_803328 27.67 39.18 0.2474 
f0.35_d34_166381 27.99 39.01 0.2473 
f0.65_d23_766365 22.87 34.14 0.2473 
f0.8_d23_622272 24.51 34.42 0.2473 
f0.8_d23_795835 22.31 33.14 0.2473 
f0.5_d34_621548 28.42 40.87 0.2471 
f0.65_d23_945454 22.23 32.05 0.2471 
f0.8_d23_300663 22.99 32.56 0.2471 
f0.8_d34_764566 31.04 42.3 0.2471 
f0.2_d34_190942 26.33 39.24 0.247 
f0.35_d23_931673 21.28 32.39 0.247 
f0.8_d23_448495 24.16 33.75 0.247 
f0.8_d45_120772 42.2 52.5 0.247 
f0.8_d34_487383 34.63 43.3 0.2469 
f0.35_d45_565630 35.13 46.62 0.2467 
f0.8_d45_565100 38.53 50.4 0.2467 
f0.5_d34_631956 27.05 38.55 0.2466 
f0.35_d45_110586 34.05 47.56 0.2465 
f0.5_d45_784770 35.94 48.25 0.2465 
f0.8_d23_634490 22.29 33.56 0.2465 
f0.8_d45_412011 42.86 52.32 0.2465 
f0.8_d23_582584 22.48 34.24 0.2464 
f0.65_d23_803078 20.4 31.63 0.2463 
f0.8_d34_270164 32.44 43.31 0.2463 
f0.2_d45_764904 33.75 45.69 0.2462 
f0.35_d45_107269 36.73 47.34 0.2462 
f0.5_d34_153253 27.79 40.01 0.2461 
f0.2_d34_295559 24.72 38.38 0.246 
f0.2_d34_511448 24.4 38.59 0.2459 
f0.35_d45_100199 34.98 47.6 0.2459 
f0.5_d45_314923 37.54 49.76 0.2459 
f0.5_d45_592776 34.11 47.56 0.2458 
f0.35_d45_556978 34.46 48.08 0.2457 
f0.65_d45_592683 38.46 50.67 0.2457 
f0.8_d23_130965 22.2 33.49 0.2457 
f0.8_d34_595532 32.29 42.33 0.2457 
f0.35_d34_752808 26.92 39.2 0.2456 
f0.35_d34_938934 28.08 38.17 0.2456 
f0.35_d45_912153 37.06 48.38 0.2456 
f0.35_d45_522468 33.1 48.21 0.2456 
f0.8_d23_544612 21.63 32.27 0.2454 
f0.8_d45_364313 37.21 50.32 0.2454 
f0.2_d45_460065 31.97 44.97 0.2453 
f0.2_d45_766843 32.17 45.98 0.2453 
f0.65_d45_900105 40.14 51.62 0.2453 
f0.8_d23_880917 22.82 33.19 0.2453 
f0.8_d45_67201 42.45 52.74 0.2453 
f0.35_d45_292558 35.55 48.27 0.2452 
f0.65_d45_596507 41.48 51.03 0.2452 
f0.2_d45_283645 33.37 45.09 0.2451 
f0.65_d45_582484 39.55 50.82 0.2451 
f0.35_d45_167148 32.56 45.72 0.245 
f0.65_d23_735560 22.03 33.84 0.245 
f0.8_d34_171108 31.76 43.64 0.245 
f0.5_d23_101781 20.36 32.15 0.2448 
f0.8_d34_151746 31.74 43.38 0.2448 
f0.5_d45_597610 38.67 49.25 0.2447 
f0.65_d23_611195 22.05 32.52 0.2447 
f0.35_d34_592775 24.47 38.67 0.2446 
f0.65_d23_418739 21.58 32.88 0.2446 
f0.8_d34_790762 31.36 43.79 0.2445 
f0.35_d34_635673 25.26 39.38 0.2444 
f0.8_d23_657953 21.82 31.25 0.2444 
f0.5_d23_412964 20.74 32.88 0.2443 
f0.5_d34_8748 30.41 41.03 0.2443 
f0.8_d45_307774 42.49 52.21 0.2443 
f0.2_d45_255418 31.67 46.02 0.2442 
f0.2_d34_398737 26.45 38.3 0.2441 
f0.5_d23_217453 22.99 33.42 0.2437 
f0.5_d45_431492 37.56 49.14 0.2437 
f0.65_d23_657189 20.2 31.93 0.2437 
f0.35_d45_536101 34.1 46.31 0.2436 
f0.8_d45_173870 42.84 51.9 0.2436 
f0.2_d34_563653 26.16 37.5 0.2435 
f0.8_d34_936099 33.09 42.99 0.2435 
f0.35_d34_189314 25.54 38.85 0.2433 
f0.65_d23_583707 21.89 33.88 0.2433 
f0.65_d23_344055 22.37 32.02 0.2432 
f0.5_d45_407680 35.55 48.56 0.2431 
f0.65_d23_137701 23.29 34.13 0.243 
f0.65_d34_614977 31.45 41.66 0.243 
f0.2_d45_417708 32.17 45.03 0.2429 
f0.35_d34_369929 27.83 38.52 0.2429 
f0.8_d34_96899 31.65 43.71 0.2429 
f0.8_d45_856240 42.75 52.97 0.2429 
f0.35_d23_680977 21.28 31.07 0.2428 
f0.35_d34_38166 26.16 39.36 0.2426 
f0.35_d45_161436 35.2 47.72 0.2426 
f0.8_d23_271007 23.68 34.28 0.2426 
f0.5_d23_986410 21.84 31.86 0.2425 
f0.5_d34_44685 27.04 39.24 0.2425 
f0.65_d45_440977 35.67 49.55 0.2425 
f0.35_d45_118115 33.01 46.08 0.2423 
f0.8_d23_16725 21.27 32.64 0.2423 
f0.2_d34_813377 23.54 38.16 0.2421 
f0.2_d34_844281 25.41 38.63 0.2421 
f0.2_d45_228918 33.28 45.84 0.2421 
f0.65_d45_9805 40.28 51.16 0.2421 
f0.2_d45_958295 31.12 45.26 0.242 
f0.5_d34_698148 29.69 40.79 0.242 
f0.2_d34_411230 23.79 37.69 0.2417 
f0.65_d45_65623 38.54 49.85 0.2417 
f0.65_d45_566734 36.18 49.97 0.2417 
f0.65_d45_677108 42.92 52.72 0.2416 
f0.8_d45_376347 37.91 51.88 0.2416 
f0.35_d34_847913 25.76 37.4 0.2415 
f0.35_d34_305740 28.06 40.08 0.2414 
f0.65_d23_577260 21.08 33.04 0.2414 
f0.8_d23_440532 22.32 32.4 0.2414 
f0.8_d45_445428 43.71 53.84 0.2414 
f0.35_d34_331024 27.43 39.02 0.2413 
f0.2_d34_108166 26.95 37.26 0.2412 
f0.8_d45_750834 38.35 51.0 0.2412 
f0.35_d45_673940 33.1 46.76 0.2411 
f0.5_d23_858659 22.38 31.43 0.2411 
f0.2_d34_577597 24.82 38.18 0.2408 
f0.2_d45_139759 31.85 44.19 0.2408 
f0.35_d34_226082 25.83 38.66 0.2408 
f0.2_d45_322416 31.93 47.11 0.2407 
f0.35_d34_776177 27.43 39.45 0.2407 
f0.35_d45_669463 32.72 46.17 0.2407 
f0.8_d23_725428 24.41 34.77 0.2407 
f0.2_d45_323164 33.31 45.08 0.2405 
f0.5_d45_164935 33.81 48.11 0.2405 
f0.2_d45_454342 31.18 46.92 0.2404 
f0.2_d45_615850 32.92 45.63 0.2404 
f0.8_d23_411309 22.51 33.71 0.2404 
f0.2_d34_112145 25.37 37.02 0.2403 
f0.2_d45_467378 34.03 45.86 0.2403 
f0.5_d45_519121 34.69 47.84 0.2403 
f0.8_d34_903212 30.86 43.58 0.2403 
f0.35_d23_209384 18.91 31.84 0.2402 
f0.35_d34_499357 27.54 39.47 0.2402 
f0.35_d34_743752 23.88 36.84 0.2401 
f0.2_d34_211501 26.61 38.3 0.24 
f0.65_d23_673915 19.42 30.86 0.24 
f0.5_d23_442374 22.21 31.09 0.2399 
f0.5_d45_169266 37.44 50.4 0.2399 
f0.65_d23_214887 22.32 32.99 0.2399 
f0.35_d34_641308 27.28 40.25 0.2397 
f0.65_d23_899514 22.29 33.35 0.2397 
f0.8_d45_18046 39.72 51.26 0.2397 
f0.8_d45_856498 40.25 51.93 0.2396 
f0.2_d45_579922 33.86 46.87 0.2394 
f0.5_d45_551750 37.27 48.8 0.2394 
f0.8_d45_827406 38.69 50.83 0.2394 
f0.2_d34_71935 26.37 37.69 0.2393 
f0.8_d45_493264 40.1 50.43 0.2393 
f0.35_d45_200848 32.51 46.5 0.2392 
f0.65_d23_605100 22.36 33.29 0.2392 
f0.8_d23_766470 23.09 33.52 0.2392 
f0.65_d45_416317 37.86 50.0 0.2391 
f0.2_d34_101253 25.3 38.96 0.239 
f0.35_d45_180380 32.6 46.41 0.239 
f0.8_d45_342507 42.22 52.55 0.239 
f0.2_d34_370764 25.05 38.77 0.2388 
f0.8_d23_701598 23.44 33.85 0.2387 
f0.8_d45_439327 37.46 50.28 0.2387 
f0.65_d23_295908 21.45 32.18 0.2386 
f0.8_d45_207254 40.03 51.67 0.2385 
f0.65_d23_622800 20.57 32.17 0.2383 
f0.8_d45_757063 41.03 51.67 0.2383 
f0.35_d45_766003 34.68 46.98 0.2382 
f0.35_d45_996521 36.48 47.83 0.2382 
f0.5_d23_10441 21.93 33.26 0.2382 
f0.35_d23_354279 22.31 33.65 0.2381 
f0.5_d23_615165 22.44 33.36 0.2381 
f0.8_d23_686754 23.52 32.65 0.238 
f0.8_d45_437620 42.12 52.33 0.238 
f0.8_d45_88559 41.99 52.18 0.2379 
f0.2_d45_990423 30.79 44.81 0.2378 
f0.65_d23_916752 22.46 33.65 0.2378 
f0.8_d45_29988 41.99 52.85 0.2378 
f0.8_d23_312131 21.85 33.46 0.2377 
f0.8_d45_974836 44.3 53.61 0.2377 
f0.8_d45_447659 39.09 51.04 0.2375 
f0.5_d23_502957 22.31 32.06 0.2373 
f0.5_d45_287171 36.51 48.94 0.2373 
f0.2_d45_53854 33.32 46.3 0.2372 
f0.2_d34_672267 25.43 38.12 0.2371 
f0.5_d23_41101 20.5 33.1 0.2371 
f0.65_d23_76779 22.72 34.04 0.2371 
f0.65_d45_799737 39.91 51.33 0.2371 
f0.65_d45_728667 38.42 50.12 0.237 
f0.8_d23_337741 24.42 33.79 0.2369 
f0.5_d34_420090 26.61 39.3 0.2368 
f0.8_d23_431995 23.34 34.33 0.2368 
f0.2_d34_496948 26.03 37.89 0.2366 
f0.8_d23_404933 20.76 33.81 0.2366 
f0.8_d45_601681 39.81 50.72 0.2366 
f0.2_d34_942066 24.78 38.33 0.2365 
f0.5_d23_169828 20.7 31.86 0.2365 
f0.5_d23_552569 21.95 33.29 0.2365 
f0.8_d45_176643 39.98 51.1 0.2365 
f0.65_d45_168851 35.33 48.27 0.2364 
f0.8_d23_321643 24.38 33.97 0.2363 
f0.2_d45_599160 30.12 45.3 0.2362 
f0.5_d23_258393 20.58 30.34 0.2362 
f0.8_d23_523957 20.82 32.09 0.2362 
f0.8_d45_728264 38.65 51.94 0.2362 
f0.8_d45_917627 41.33 51.68 0.2362 
f0.5_d23_123349 22.54 32.52 0.2361 
f0.65_d23_625257 23.75 34.11 0.2361 
f0.2_d45_452978 30.35 45.99 0.236 
f0.2_d45_702641 33.07 46.29 0.236 
f0.35_d45_27581 32.29 46.14 0.236 
f0.8_d45_29243 40.42 51.54 0.236 
f0.8_d45_157417 39.81 51.34 0.236 
f0.35_d45_209788 35.96 47.09 0.2359 
f0.35_d45_364460 31.9 45.76 0.2359 
f0.5_d23_883183 20.79 31.4 0.2359 
f0.8_d45_656308 43.92 53.59 0.2359 
f0.2_d34_322099 25.92 38.02 0.2357 
f0.65_d45_385756 39.29 50.72 0.2357 
f0.35_d34_183536 24.85 38.3 0.2356 
f0.35_d34_232889 26.99 38.92 0.2356 
f0.2_d45_986216 31.25 44.77 0.2355 
f0.2_d45_753121 32.57 45.87 0.2354 
f0.65_d34_563374 31.02 43.67 0.2354 
f0.5_d45_892251 36.02 49.17 0.2353 
f0.8_d23_849910 23.85 32.82 0.2353 
f0.8_d45_350362 41.4 51.83 0.2352 
f0.2_d34_59494 27.0 37.22 0.2351 
f0.2_d45_837143 34.05 46.46 0.2351 
f0.35_d23_81575 21.5 31.5 0.2349 
f0.2_d23_933234 21.71 32.23 0.2348 
f0.5_d23_441231 22.72 31.52 0.2348 
f0.65_d23_721976 22.96 33.26 0.2348 
f0.35_d23_279469 22.0 31.87 0.2347 
f0.35_d34_829174 28.44 38.78 0.2347 
f0.8_d45_220798 41.0 51.4 0.2347 
f0.8_d45_805183 40.75 52.55 0.2347 
f0.8_d45_875298 41.99 52.59 0.2347 
f0.2_d34_377770 26.58 38.38 0.2345 
f0.2_d45_450058 31.11 44.54 0.2345 
f0.2_d45_382200 31.73 44.39 0.2345 
f0.8_d45_116737 39.84 52.82 0.2345 
f0.35_d34_315309 25.01 37.33 0.2344 
f0.65_d23_606506 20.04 32.23 0.2344 
f0.8_d45_586563 39.27 52.12 0.2344 
f0.35_d23_469389 19.63 32.25 0.2343 
f0.8_d45_896496 42.8 52.96 0.2343 
f0.8_d45_515259 40.7 50.83 0.2343 
f0.65_d45_105833 40.08 50.62 0.2342 
f0.2_d34_967344 25.33 37.58 0.2341 
f0.2_d45_510028 33.33 46.54 0.2341 
f0.65_d23_263520 22.07 33.88 0.2341 
f0.2_d34_766641 26.86 37.37 0.2339 
f0.8_d23_998517 21.32 32.78 0.2339 
f0.8_d23_899056 22.44 33.64 0.2338 
f0.8_d45_189513 39.02 50.75 0.2338 
f0.2_d34_965557 25.49 37.32 0.2337 
f0.65_d45_12238 38.55 51.17 0.2337 
f0.65_d45_724773 38.63 51.22 0.2336 
f0.35_d34_919249 26.98 38.47 0.2335 
f0.8_d45_565905 38.68 51.5 0.2335 
f0.2_d34_339181 26.72 38.86 0.2334 
f0.65_d45_772814 38.06 51.31 0.2334 
f0.8_d45_98035 40.79 51.74 0.2333 
f0.35_d23_49875 20.28 30.9 0.2331 
f0.2_d34_154243 25.49 38.79 0.2329 
f0.2_d45_627307 30.64 44.71 0.2329 
f0.5_d23_917115 21.13 32.16 0.2329 
f0.65_d23_682914 19.79 31.64 0.2328 
f0.65_d45_285870 35.83 50.82 0.2328 
f0.65_d45_171760 36.26 49.03 0.2327 
f0.8_d23_70227 20.46 32.71 0.2326 
f0.8_d45_955270 40.74 51.92 0.2326 
f0.8_d45_774760 37.92 51.14 0.2326 
f0.65_d23_518515 21.97 32.33 0.2324 
f0.8_d45_100179 39.01 51.44 0.2324 
f0.35_d34_155920 24.81 36.84 0.2323 
f0.2_d45_370356 34.25 47.32 0.2321 
f0.2_d34_280323 24.86 37.74 0.2317 
f0.8_d23_549584 22.29 33.95 0.2315 
f0.8_d45_517016 39.91 53.23 0.2315 
f0.65_d45_908049 40.78 50.15 0.2314 
f0.8_d45_448202 38.66 52.03 0.2314 
f0.35_d45_256401 33.08 45.56 0.2313 
f0.2_d34_400415 24.9 36.83 0.2312 
f0.2_d45_565412 30.95 45.61 0.2312 
f0.5_d45_699565 35.63 48.37 0.2312 
f0.65_d45_980867 39.54 49.66 0.2312 
f0.65_d45_562981 38.3 50.88 0.2311 
f0.65_d23_384415 20.93 32.44 0.231 
f0.8_d45_673514 41.39 52.86 0.2309 
f0.35_d23_537032 21.84 31.75 0.2308 
f0.65_d45_209007 40.02 51.38 0.2308 
f0.8_d23_972580 20.17 33.6 0.2307 
f0.2_d34_136897 25.35 37.35 0.2305 
f0.2_d45_57184 29.34 45.12 0.2305 
f0.2_d34_142272 24.37 37.43 0.2304 
f0.8_d45_611114 38.84 51.13 0.2303 
f0.2_d34_261888 24.57 37.67 0.2302 
f0.5_d23_445217 22.12 32.7 0.2302 
f0.2_d45_936483 30.43 44.22 0.2301 
f0.2_d45_77070 31.89 45.82 0.23 
f0.2_d34_985471 23.55 38.62 0.2297 
f0.65_d23_737701 20.05 33.49 0.2295 
f0.65_d23_765342 21.04 33.3 0.2295 
f0.8_d45_221926 38.82 50.52 0.2292 
f0.2_d34_292437 26.38 38.31 0.229 
f0.65_d23_894194 20.87 33.5 0.2287 
f0.65_d23_444430 22.43 33.03 0.2285 
f0.8_d45_637919 40.6 52.52 0.2285 
f0.8_d45_749016 39.78 52.64 0.2285 
f0.65_d45_28429 38.64 50.69 0.2284 
f0.35_d45_240466 31.24 46.97 0.2283 
f0.5_d23_269934 19.69 31.09 0.2283 
f0.5_d23_871367 21.12 31.43 0.2283 
f0.65_d23_646283 22.34 33.25 0.2283 
f0.35_d23_182547 19.94 31.27 0.2282 
f0.2_d34_366317 24.34 37.98 0.2281 
f0.2_d34_413314 26.34 37.47 0.2281 
f0.5_d23_4139 22.25 32.16 0.2281 
f0.65_d23_426788 23.4 33.2 0.2281 
f0.8_d45_734679 41.69 52.62 0.228 
f0.65_d23_521570 21.74 33.21 0.2278 
f0.35_d45_944304 35.33 46.15 0.2272 
f0.2_d45_986313 30.81 44.62 0.2271 
f0.65_d23_930840 20.61 34.04 0.227 
f0.2_d45_219169 30.26 44.89 0.2268 
f0.8_d45_449413 41.37 52.14 0.2267 
f0.5_d23_186349 21.31 32.07 0.2266 
f0.65_d23_73672 21.16 32.81 0.2266 
f0.2_d34_223244 26.91 39.02 0.2265 
f0.2_d45_453374 31.17 44.44 0.2265 
f0.5_d23_241900 19.4 31.81 0.2265 
f0.5_d23_555847 20.08 30.45 0.2265 
f0.2_d34_12795 24.77 37.23 0.2264 
f0.2_d45_100638 29.91 46.02 0.2264 
f0.8_d45_200499 43.87 51.56 0.2264 
f0.8_d23_562656 19.75 33.05 0.2263 
f0.8_d45_643318 38.97 51.08 0.2262 
f0.8_d23_697156 20.16 33.05 0.226 
f0.65_d23_186386 20.38 32.48 0.2258 
f0.5_d23_904621 20.74 32.79 0.2256 
f0.8_d23_845676 19.65 32.29 0.2256 
f0.2_d34_985075 24.18 37.82 0.2253 
f0.8_d45_698492 39.05 50.82 0.2253 
f0.2_d34_457150 26.34 38.5 0.2252 
f0.2_d34_427074 24.15 36.75 0.2252 
f0.2_d34_427138 23.52 37.07 0.2251 
f0.2_d45_269203 31.7 45.27 0.225 
f0.65_d23_626008 22.67 31.75 0.225 
f0.8_d23_834691 22.0 33.26 0.225 
f0.2_d45_230557 32.72 45.53 0.2249 
f0.35_d23_850111 22.59 32.19 0.2249 
f0.35_d23_928342 21.97 31.11 0.2249 
f0.65_d23_617100 21.36 33.36 0.2248 
f0.65_d23_636072 20.88 32.99 0.2246 
f0.5_d23_940983 20.54 32.19 0.2245 
f0.2_d45_427413 32.47 46.27 0.2244 
f0.5_d23_161769 18.99 32.25 0.2244 
f0.65_d23_847239 21.64 33.1 0.2244 
f0.5_d23_767367 21.0 32.54 0.2243 
f0.5_d23_976406 19.8 31.57 0.2242 
f0.65_d23_88676 20.73 32.51 0.2239 
f0.8_d45_199710 40.38 52.22 0.2239 
f0.35_d23_316423 19.46 32.82 0.2237 
f0.5_d23_145273 20.71 31.92 0.2237 
f0.8_d45_651566 40.34 52.45 0.2235 
f0.2_d34_376298 24.58 37.54 0.2231 
f0.5_d23_3273 19.94 32.8 0.2231 
f0.8_d23_949123 20.78 32.54 0.2231 
f0.8_d23_175874 20.4 33.65 0.2229 
f0.2_d45_143404 33.71 45.05 0.2227 
f0.8_d23_932283 19.24 31.81 0.2227 
f0.2_d34_432046 24.59 37.46 0.2226 
f0.2_d45_368566 31.82 45.04 0.2225 
f0.35_d45_884252 34.71 47.29 0.2225 
f0.35_d34_156042 27.95 40.89 0.2216 
f0.2_d34_906003 25.2 39.28 0.2214 
f0.5_d23_734253 21.93 31.66 0.2214 
f0.65_d23_83085 20.35 32.17 0.2214 
f0.8_d45_903023 41.9 53.05 0.2213 
f0.2_d34_327313 26.0 37.97 0.221 
f0.35_d23_407554 22.03 30.65 0.2209 
f0.5_d23_803733 19.34 31.4 0.2203 
f0.2_d34_746425 25.2 37.96 0.2201 
f0.5_d23_789806 19.8 32.26 0.22 
f0.5_d23_645524 20.77 32.43 0.22 
f0.35_d23_540801 21.15 32.0 0.2199 
f0.65_d23_809780 21.12 32.23 0.2199 
f0.8_d45_986283 39.91 51.16 0.2197 
f0.65_d23_811213 20.89 31.67 0.219 
f0.2_d45_449699 34.03 47.77 0.2186 
f0.65_d23_446035 20.68 31.62 0.2186 
f0.2_d34_760050 25.11 36.76 0.218 
f0.2_d34_422272 25.82 37.61 0.2178 
f0.2_d45_638321 31.62 46.39 0.2178 
f0.8_d23_570678 21.2 31.94 0.2178 
f0.5_d23_651135 19.97 32.12 0.2172 
f0.5_d23_233917 21.41 31.23 0.217 
f0.2_d34_285363 26.07 37.29 0.2169 
f0.65_d23_642413 20.73 31.57 0.2168 
f0.35_d34_570857 27.96 39.21 0.2161 
f0.8_d23_143029 20.7 32.47 0.2159 
f0.65_d23_142911 23.01 32.85 0.2156 
f0.8_d23_239209 22.73 32.69 0.2156 
f0.2_d45_702830 30.3 45.62 0.2154 
f0.35_d23_23398 21.06 33.76 0.2153 
f0.2_d34_337698 25.41 36.89 0.2152 
f0.65_d23_419901 20.0 33.11 0.2151 
f0.65_d23_420049 20.54 32.59 0.2145 
f0.5_d23_204966 20.2 31.8 0.2143 
f0.65_d23_791398 21.38 32.26 0.2143 
f0.2_d45_860521 35.02 46.98 0.2141 
f0.65_d23_504339 21.71 32.42 0.2139 
f0.65_d23_843410 19.42 32.19 0.2139 
f0.35_d23_320982 20.13 29.85 0.2138 
f0.65_d23_943450 20.78 32.63 0.2137 
f0.2_d45_105505 31.09 44.22 0.2134 
f0.35_d23_866043 20.17 30.67 0.2131 
f0.2_d34_819419 24.14 37.84 0.2127 
f0.35_d23_357295 21.39 32.46 0.2123 
f0.5_d23_734815 19.68 30.7 0.2121 
f0.5_d23_500085 22.0 32.27 0.2118 
f0.2_d34_126825 25.48 37.56 0.2115 
f0.35_d23_601743 20.67 31.94 0.2109 
f0.8_d23_855523 21.45 32.98 0.2104 
f0.2_d23_278236 21.05 31.5 0.2094 
f0.2_d34_381241 23.07 37.66 0.2093 
f0.5_d23_940311 21.18 30.85 0.2087 
f0.2_d34_465113 24.91 37.3 0.2083 
f0.35_d23_411900 19.31 31.22 0.2083 
f0.2_d23_396719 19.8 31.14 0.208 
f0.35_d23_735193 20.02 30.72 0.208 
f0.5_d23_388018 19.79 30.7 0.2079 
f0.2_d45_770882 32.49 46.24 0.2077 
f0.5_d23_412901 20.25 30.95 0.2073 
f0.5_d23_721052 21.6 31.6 0.2067 
f0.5_d23_713545 20.28 30.98 0.2066 
f0.35_d23_590534 19.16 30.95 0.2062 
f0.65_d23_829957 18.73 31.75 0.2062 
f0.2_d34_978317 22.45 37.57 0.2061 
f0.5_d23_760827 19.05 31.59 0.2058 
f0.65_d23_832121 18.75 31.13 0.2055 
f0.5_d23_374099 21.28 31.73 0.2049 
f0.5_d23_856159 21.0 32.26 0.2049 
f0.35_d23_224222 17.49 30.46 0.2041 
f0.35_d23_883153 19.72 33.07 0.2036 
f0.35_d23_974934 18.79 30.2 0.2031 
f0.35_d23_904406 19.89 32.36 0.203 
f0.35_d23_57346 20.33 31.38 0.2029 
f0.35_d23_860264 21.04 30.74 0.2028 
f0.35_d23_293699 20.69 29.99 0.2019 
f0.5_d23_542201 19.47 31.34 0.2015 
f0.35_d23_17485 19.6 30.86 0.2014 
f0.5_d23_224393 19.09 31.26 0.2011 
f0.35_d23_951929 19.29 31.78 0.2005 
f0.5_d23_696748 18.3 32.17 0.2004 
f0.2_d23_375796 18.42 31.54 0.2003 
f0.35_d23_977904 19.15 30.79 0.1999 
f0.5_d23_744097 20.39 33.3 0.1999 
f0.5_d23_172242 18.37 30.95 0.1998 
f0.2_d23_337243 19.26 29.82 0.1992 
f0.5_d23_677051 20.01 31.29 0.1992 
f0.2_d23_738602 19.55 30.68 0.1986 
f0.2_d23_825251 20.8 32.44 0.1983 
f0.35_d23_390810 19.68 31.05 0.1983 
f0.35_d23_728610 20.8 30.84 0.1977 
f0.2_d23_219533 20.59 30.12 0.197 
f0.35_d23_813133 18.21 30.93 0.197 
f0.2_d23_455513 17.73 31.27 0.1969 
f0.2_d23_533788 17.96 29.6 0.1967 
f0.5_d23_246951 19.64 32.33 0.1967 
f0.35_d23_84393 19.18 30.71 0.1963 
f0.35_d23_541515 19.66 30.93 0.1959 
f0.35_d23_320912 18.98 29.75 0.1957 
f0.35_d23_221280 18.4 31.07 0.195 
f0.5_d23_458558 19.88 32.15 0.1947 
f0.35_d23_226634 20.96 31.07 0.1946 
f0.2_d23_479669 19.6 31.99 0.1933 
f0.5_d23_417260 20.19 32.25 0.1931 
f0.65_d23_405333 17.76 29.83 0.1929 
f0.2_d23_688871 18.88 29.67 0.1921 
f0.2_d23_829696 19.65 30.82 0.1916 
f0.5_d23_453105 18.81 30.27 0.1913 
f0.35_d23_742096 18.04 29.9 0.1908 
f0.2_d23_464742 19.88 30.74 0.1903 
f0.2_d23_45895 19.8 30.7 0.1902 
f0.35_d23_851818 18.94 31.37 0.1886 
f0.35_d23_429419 18.9 31.51 0.1876 
f0.35_d23_46986 19.91 30.16 0.1874 
f0.2_d23_303576 17.17 30.34 0.1873 
f0.5_d23_394332 18.17 29.78 0.187 
f0.2_d23_846748 19.88 31.12 0.1869 
f0.5_d23_447280 18.86 29.84 0.1865 
f0.2_d34_73366 23.9 37.99 0.1862 
f0.2_d23_907985 20.56 30.21 0.1859 
f0.2_d23_544581 20.21 30.3 0.1855 
f0.2_d23_992990 20.07 30.4 0.1854 
f0.5_d23_142107 19.21 30.92 0.1854 
f0.2_d23_736841 19.05 30.45 0.1845 
f0.35_d23_596638 19.11 32.07 0.1845 
f0.35_d23_353062 18.29 30.7 0.1843 
f0.2_d23_443295 19.39 30.33 0.184 
f0.35_d23_943280 19.34 31.18 0.184 
f0.2_d23_227464 18.56 29.59 0.1838 
f0.2_d23_22340 19.15 30.73 0.1834 
f0.35_d23_846771 16.93 29.17 0.1828 
f0.2_d23_312480 18.76 30.66 0.1826 
f0.2_d23_267000 20.49 30.88 0.1823 
f0.35_d23_924246 17.32 29.55 0.1822 
f0.2_d23_841534 19.45 30.62 0.1818 
f0.35_d23_897188 19.02 30.69 0.1812 
f0.35_d23_141656 19.04 29.0 0.1811 
f0.2_d23_162488 18.91 30.94 0.1807 
f0.35_d23_305017 19.36 30.28 0.1805 
f0.2_d23_718527 18.06 30.19 0.1802 
f0.2_d23_7581 18.17 30.31 0.1793 
f0.2_d23_262357 19.64 31.0 0.1791 
f0.2_d23_196750 19.11 29.94 0.1787 
f0.2_d23_652729 21.26 30.35 0.1781 
f0.35_d23_758206 19.39 29.87 0.1774 
f0.35_d23_410096 19.23 30.06 0.1771 
f0.2_d23_163590 18.02 29.69 0.1767 
f0.2_d23_756720 18.79 30.19 0.1765 
f0.35_d23_465030 18.76 29.66 0.1763 
f0.35_d23_431728 20.14 30.97 0.1754 
f0.2_d23_314996 17.64 29.46 0.1746 
f0.2_d23_950875 19.03 29.67 0.1746 
f0.2_d23_887851 16.76 30.29 0.1741 
f0.2_d23_554043 17.83 30.07 0.1736 
f0.35_d23_425046 17.2 29.76 0.1736 
f0.2_d23_25433 18.31 30.65 0.1734 
f0.2_d23_575362 18.33 30.29 0.1731 
f0.2_d23_790843 17.38 29.64 0.173 
f0.35_d23_294444 18.37 30.35 0.1726 
f0.35_d23_307129 17.54 30.35 0.1705 
f0.35_d23_467889 18.57 29.68 0.1704 
f0.5_d23_973633 18.23 31.34 0.1703 
f0.2_d23_395116 19.27 30.89 0.1692 
f0.2_d23_471338 19.34 31.37 0.1683 
f0.35_d23_516900 16.86 29.27 0.1673 
f0.35_d23_806085 18.53 29.38 0.167 
f0.35_d23_171340 17.39 30.75 0.1667 
f0.35_d23_292064 17.4 29.54 0.1661 
f0.2_d23_445553 18.35 29.67 0.1638 
f0.2_d23_52986 18.0 30.42 0.1625 
f0.2_d23_827088 17.07 31.06 0.1622 
f0.2_d23_401369 17.4 29.75 0.1621 
f0.2_d23_812811 16.79 29.82 0.162 
f0.2_d23_122214 17.8 29.84 0.1598 
f0.35_d23_810755 17.69 30.07 0.159 
f0.2_d23_622225 17.13 30.27 0.1581 
f0.2_d23_554079 18.33 29.62 0.158 
f0.2_d23_993246 16.9 30.6 0.1575 
f0.2_d23_376566 17.57 29.78 0.157 
f0.2_d23_25467 17.43 30.87 0.1563 
f0.2_d23_833239 17.19 30.37 0.1554 
f0.2_d23_990347 17.54 29.98 0.1554 
f0.2_d23_267641 16.91 28.7 0.1508 
f0.2_d23_651630 18.11 29.64 0.1507 
f0.2_d23_285402 17.84 29.63 0.1503 
f0.2_d23_728851 16.03 29.25 0.1479 
f0.2_d23_896980 16.41 28.9 0.1478 
mask_1000 30.029622 40.78125 0.25881557489678547
mask_1001 29.290806 40.3046875 0.2654681447874431
mask_1002 34.942134 47.203125 0.2508947065780311
mask_1003 34.704374 46.2099609375 0.2722308140836384
mask_1004 28.943478 41.4833984375 0.2622693691454024
mask_1005 27.739446 40.1865234375 0.2682566447944938
mask_1006 29.300982 40.7099609375 0.2716698483251234
mask_1007 28.739638 40.8779296875 0.2511131258554185
mask_1008 35.608054 47.5751953125 0.2589180466175434
mask_1009 36.546102 47.4189453125 0.2877818531964817
mask_1010 29.791606 41.5810546875 0.25516738218225005
mask_1011 30.218422 40.8974609375 0.2732136842770172
mask_1012 34.036598 46.58984375 0.27959825646574693
mask_1013 35.21983 47.7607421875 0.2592899520803377
mask_1014 28.268086 39.798828125 0.2580353458121916
mask_1015 30.926966 41.0634765625 0.24983556691547254
mask_1016 35.78239 45.7119140625 0.2809429363794009
mask_1017 29.828534 42.046875 0.24828002449334943
mask_1018 27.27839 39.990234375 0.26834095868348545
mask_1019 28.555062 40.474609375 0.2601126274734494
mask_1020 30.009334 43.2978515625 0.2602712058912885
mask_1021 27.432054 41.208984375 0.27189900382175164
mask_1022 30.581302 41.537109375 0.26855378506567207
mask_1023 28.443766 40.044921875 0.2653167016600684
mask_1024 31.213302 42.583984375 0.26072303766051946
mask_1025 26.54879 38.5712890625 0.2469036621867333
mask_1026 33.873206 44.9365234375 0.2632234495925892
mask_1027 34.805174 47.853515625 0.275126283675039
mask_1028 29.579894 40.1767578125 0.27341919514933183
mask_1029 34.868022 47.8544921875 0.2672334468034366
mask_1030 34.460086 45.744140625 0.2547159540172793
mask_1031 36.37855 49.001953125 0.24047290780214423
mask_1032 27.11167 38.7412109375 0.25405503375254673
mask_1033 25.304438 38.814453125 0.2695638606055669
mask_1034 25.121462 36.6005859375 0.2758194452342527
mask_1035 29.22111 42.5419921875 0.28398440648851087
mask_1036 34.112374 46.291015625 0.26600261819218
mask_1037 30.982326 41.609375 0.2656483366308447
mask_1038 31.401462 40.7705078125 0.27757885663364523
mask_1039 36.80959 47.916015625 0.2692755875798533
mask_1040 26.64767 39.0654296875 0.24659772217265133
mask_1041 32.16639 42.626953125 0.2684403183414625
mask_1042 28.001462 40.0263671875 0.2656846159378816
mask_1043 37.728246 48.421875 0.2684067691680363
mask_1044 26.906934 38.6162109375 0.27054472160976106
mask_1045 30.112822 40.1376953125 0.2526343553165814
mask_1046 28.78783 41.177734375 0.25794494098289855
mask_1047 29.531446 40.677734375 0.2732012432059268
mask_1048 32.63199 45.5908203125 0.25620553778244626
mask_1049 28.448502 42.935546875 0.269053394476539
mask_1050 33.200054 44.54296875 0.250326699314014
mask_1051 27.748598 41.0166015625 0.2657659212490284
mask_1052 31.48447 40.7431640625 0.254028196182103
mask_1053 27.16255 40.23828125 0.2713198946522671
mask_1054 36.376502 48.609375 0.25627928735244937
mask_1055 35.12863 49.0791015625 0.2352698619428857
mask_1056 27.345654 40.330078125 0.26470098885981885
mask_1057 30.76639 42.16015625 0.27086447958367066
mask_1058 35.615478 48.87890625 0.2754659776394833
mask_1059 31.960758 45.3125 0.25268733421121814
mask_1060 28.306486 41.1220703125 0.2440061043653801
mask_1061 30.139574 40.533203125 0.2677350114937083
mask_1062 28.44607 41.3486328125 0.27255880790658166
mask_1063 33.33983 45.31640625 0.26710195959100524
mask_1064 28.358326 39.8251953125 0.2678491672273146
mask_1065 27.706614 39.7255859375 0.27014434504781437
mask_1066 33.92607 45.1337890625 0.2551333523823049
mask_1067 31.219382 42.177734375 0.2611383615437309
mask_1068 34.60383 46.19921875 0.27832307585033905
mask_1069 25.838134 34.291015625 0.24648503823528092
mask_1070 28.031926 40.6015625 0.2685699799090568
mask_1071 37.564022 49.2373046875 0.25006211426786645
mask_1072 27.252598 38.328125 0.2582196528781535
mask_1073 29.143158 40.7802734375 0.2807563097553756
mask_1074 35.321014 47.6904296875 0.2769746450078831
mask_1075 28.639798 40.57421875 0.26478740000140516
mask_1076 31.222838 42.5400390625 0.2794914774419749
mask_1077 36.842678 49.927734375 0.2466958340054238
mask_1078 37.084406 48.2314453125 0.25693546866341943
mask_1079 29.204534 41.80859375 0.2560104276169351
mask_1080 28.281334 37.8486328125 0.27108394410276876
mask_1081 33.68447 42.2138671875 0.25331251098569463
mask_1082 33.129398 48.9228515625 0.26687175224365095
mask_1083 32.357686 42.4951171875 0.26388677658718374
mask_1084 30.741814 40.65625 0.2662315924601731
mask_1085 30.502198 40.3671875 0.25402421527828595
mask_1086 30.138998 41.263671875 0.26892984951026605
mask_1087 29.259638 40.8173828125 0.254003919325639
mask_1088 35.971446 48.31640625 0.2503412148428055
mask_1089 29.91103 41.4287109375 0.26047432049647407
mask_1090 28.57183 40.6201171875 0.2521796938071668
mask_1091 35.269878 45.234375 0.2651250188337429
mask_1092 34.569654 46.61328125 0.25538374070069253
mask_1093 27.867254 39.646484375 0.27473735619228123
mask_1094 27.736182 41.3955078125 0.2595594075262442
mask_1095 35.66207 47.3642578125 0.26956514614989613
mask_1096 30.073014 42.025390625 0.27120917719317456
mask_1097 30.06783 44.01953125 0.2708451235940757
mask_1098 29.50335 40.9658203125 0.2601751348786041
mask_1099 34.40127 46.4345703125 0.2555357436574528
mask_1100 36.68511 47.4765625 0.27969990857688326
mask_1101 29.183094 40.4345703125 0.2688116118477325
mask_1102 29.957494 42.572265625 0.2683307022186623
mask_1103 30.32799 41.15625 0.2634815320990154
mask_1104 33.620406 46.455078125 0.2598502078736757
mask_1105 33.721206 45.978515625 0.27730743821120507
mask_1106 28.47839 40.5869140625 0.2676484440940154
mask_1107 35.305718 45.5263671875 0.28194687152931064
mask_1108 28.682998 40.5205078125 0.260870753781098
mask_1109 32.951862 45.564453125 0.26943912561301525
mask_1110 30.49855 41.9599609375 0.2677695642436327
mask_1111 31.772982 43.498046875 0.2729240298234539
mask_1112 31.40447 41.0654296875 0.2755180198092479
mask_1113 29.163958 42.7705078125 0.2591830426744574
mask_1114 29.097974 41.1298828125 0.2738364166742444
mask_1115 34.15263 46.5068359375 0.2585262966610077
mask_1116 32.166454 41.5478515625 0.274211220128201
mask_1117 31.780406 44.8818359375 0.2638880564270373
mask_1118 37.820662 49.7880859375 0.26595848168028663
mask_1119 30.224182 41.6201171875 0.2746822656378266
mask_1120 27.581302 38.3349609375 0.2508307401762767
mask_1121 34.337526 47.0888671875 0.2561560494204016
mask_1122 30.675702 43.2275390625 0.2291456058101913
mask_1123 35.189366 47.833984375 0.24880611999986393
mask_1124 31.085366 44.9365234375 0.26796352795423184
mask_1125 28.894774 40.791015625 0.26943093313094074
mask_1126 33.117302 43.4638671875 0.2846599272833554
mask_1127 29.894582 39.8583984375 0.2735037635928815
mask_1128 29.142838 39.7763671875 0.25654627652027456
mask_1129 36.161398 46.751953125 0.2636845131057044
mask_1130 28.196598 38.6572265625 0.26122790697585396
mask_1131 26.787446 38.78125 0.27524710640070993
mask_1132 27.121974 39.654296875 0.2658765737664426
mask_1133 29.173686 40.8359375 0.24508929592086537
mask_1134 33.068214 43.5107421875 0.2689584899873158
mask_1135 31.003446 42.1787109375 0.2559222452464448
mask_1136 30.636982 41.384765625 0.26136721871193025
mask_1137 28.238518 41.2607421875 0.2804649647430541
mask_1138 30.206838 41.2880859375 0.2571986571072831
mask_1139 28.310838 40.3974609375 0.2692688157682271
mask_1140 27.673078 40.5888671875 0.26945180761576626
mask_1141 30.884726 42.8916015625 0.27220067335387044
mask_1142 31.564598 42.8154296875 0.2511545829534198
mask_1143 29.454966 42.2431640625 0.2643256085782338
mask_1144 34.829878 46.37109375 0.27077257443012087
mask_1145 34.875318 47.1845703125 0.2661586365598593
mask_1146 32.061814 41.80078125 0.2674781296069927
mask_1147 30.039862 41.634765625 0.27336669184826384
mask_1148 28.675126 40.6689453125 0.2638835770032542
mask_1149 34.814966 48.0654296875 0.2722405963685546
mask_1150 27.309046 40.236328125 0.25467386008665105
mask_1151 28.215414 39.8984375 0.25718472302802975
mask_1152 31.140342 42.8466796875 0.2678515898864047
mask_1153 35.23135 47.4287109375 0.24289281449031497
mask_1154 27.917366 38.4814453125 0.2584758205373976
mask_1155 28.19295 40.23046875 0.2680568009516338
mask_1156 30.28383 42.38671875 0.25328225489947626
mask_1157 29.991158 43.6357421875 0.26942654039589187
mask_1158 27.481142 41.3818359375 0.2637575021246266
mask_1159 30.825526 44.7763671875 0.23721730444002176
mask_1160 26.04063 37.8369140625 0.2623517242680811
mask_1161 27.366646 40.69140625 0.2643041589914042
mask_1162 28.31519 40.9638671875 0.2674889475924327
mask_1163 37.543734 48.939453125 0.27236771950839844
mask_1164 31.513718 41.6611328125 0.23696679820912472
mask_1165 35.516662 47.4970703125 0.24858182936963572
mask_1166 26.300406 39.78515625 0.2583187195260984
mask_1167 31.761654 41.4228515625 0.27041066408477654
mask_1168 34.316534 45.26953125 0.2765670574832195
mask_1169 38.082166 49.189453125 0.247733263667841
mask_1170 26.760118 38.3056640625 0.255447998952835
mask_1171 28.268854 43.23828125 0.2666354688037282
mask_1172 29.825398 40.576171875 0.2627415927982477
mask_1173 32.610422 42.876953125 0.25549765486258347
mask_1174 27.533814 39.10546875 0.2704553473229065
mask_1175 29.132662 40.6328125 0.2618079996590329
mask_1176 30.528502 41.3359375 0.2545372402072376
mask_1177 36.747318 45.34765625 0.26485698332230484
mask_1178 32.010806 42.1572265625 0.2563602725141891
mask_1179 38.724598 49.154296875 0.2533639623411415
mask_1180 27.14303 41.2314453125 0.2592865914479764
mask_1181 27.784054 40.1865234375 0.2710413841500582
mask_1182 29.573622 40.5654296875 0.2772743321537582
mask_1183 27.664182 40.1884765625 0.2642312204061011
mask_1184 27.618102 40.025390625 0.27345415550065777
mask_1185 29.50271 40.306640625 0.2625297688156046
mask_1186 35.540534 46.7490234375 0.28160279010056216
mask_1187 28.473014 42.9921875 0.2657096927875388
mask_1188 27.26111 39.5859375 0.2611177726505313
mask_1189 31.22335 41.708984375 0.2697038497885484
mask_1190 30.585206 42.09375 0.2682734566067528
mask_1191 27.275318 40.8974609375 0.26135274368632433
mask_1192 32.810742 43.4814453125 0.24832578065132688
mask_1193 34.74303 47.396484375 0.25959979105869324
mask_1194 34.921654 45.8046875 0.2761050096958152
mask_1195 28.841974 41.6298828125 0.27532413510211506
mask_1196 37.119606 48.453125 0.27583893714618174
mask_1197 33.644598 49.4072265625 0.2738758017826719
mask_1198 34.818038 48.7744140625 0.2753930147476916
mask_1199 26.740854 40.2353515625 0.27510461340454095
mask_1200 35.41055 47.890625 0.2790550313840242
mask_1201 33.78815 44.048828125 0.26614402512539265
mask_1202 29.451254 40.8798828125 0.2618196999716967
mask_1203 27.802678 41.642578125 0.25806198886246423
mask_1204 36.360118 45.7451171875 0.2777633529300438
mask_1205 30.063158 40.943359375 0.27362506433933786
mask_1206 34.418998 46.984375 0.25144644440781283
mask_1207 36.13535 47.7451171875 0.2695795582465206
mask_1208 34.577078 45.7216796875 0.28008578880313356
mask_1209 28.474998 42.0498046875 0.25875850815728746
mask_1210 34.437174 44.828125 0.2759174561456945
mask_1211 30.162038 41.55859375 0.27122115218357545
mask_1212 31.454518 42.8798828125 0.2627947140278755
mask_1213 34.966006 46.59765625 0.2788572150540237
mask_1214 32.041462 43.28125 0.2531804655301895
mask_1215 31.368054 41.4296875 0.2726867609460922
mask_1216 33.784502 44.4755859375 0.2648097344594403
mask_1217 31.602166 40.841796875 0.26493574950774906
mask_1218 33.699382 45.7734375 0.2792206657498438
mask_1219 28.801206 40.208984375 0.2657703526312957
mask_1220 26.238198 38.7568359375 0.27288174240510416
mask_1221 28.400374 39.6826171875 0.2788184288391643
mask_1222 35.381942 48.4619140625 0.27313446778102485
mask_1223 32.02303 41.240234375 0.27641704635813885
mask_1224 35.510326 47.0107421875 0.25675764220232006
mask_1225 34.305654 44.83984375 0.262795591772554
mask_1226 34.932854 45.3310546875 0.25706393018110524
mask_1227 35.31487 47.4267578125 0.2668307445006118
mask_1228 30.608118 42.0888671875 0.26033977455230745
mask_1229 36.596086 48.0859375 0.2607028356469318
mask_1230 25.197878 36.81640625 0.2646398060638541
mask_1231 33.408182 44.3193359375 0.2577073875169924
mask_1232 33.422326 46.1259765625 0.26496759994766217
mask_1233 32.54335 43.341796875 0.2694088517725241
mask_1234 33.47295 45.609375 0.2704463321020023
mask_1235 27.833846 41.7626953125 0.25682127769196256
mask_1236 27.30751 40.9609375 0.25632703462256523
mask_1237 31.551542 44.4345703125 0.2796675625470262
mask_1238 34.091958 46.162109375 0.26098181467413023
mask_1239 26.635574 40.080078125 0.2745057680285096
mask_1240 28.427318 39.2998046875 0.2783656643224146
mask_1241 31.874166 43.2255859375 0.26307471710221786
mask_1242 33.967734 47.123046875 0.264328751582041
mask_1243 29.938998 39.369140625 0.2611566419008785
mask_1244 31.897526 40.4853515625 0.2687300655900509
mask_1245 31.35007 41.4375 0.25905484671630574
mask_1246 38.35743 48.9580078125 0.2673878054015664
mask_1247 27.525622 39.3466796875 0.26266429699096333
mask_1248 27.406518 39.8046875 0.27806786459463323
mask_1249 32.47103 47.5732421875 0.2782651015068216
mask_1250 26.352118 39.4345703125 0.2718557846293521
mask_1251 26.94463 40.62890625 0.2753816007703605
mask_1252 29.224566 39.1875 0.26343064112585163
mask_1253 28.602102 40.21484375 0.2613803919966368
mask_1254 28.275766 41.44921875 0.2646523643595004
mask_1255 28.458998 40.0068359375 0.2766001079576047
mask_1256 29.160374 39.3017578125 0.272887790523356
mask_1257 30.785398 40.6923828125 0.27196429756187707
mask_1258 30.586422 41.7958984375 0.2656364860958249
mask_1259 32.696886 43.1728515625 0.2921424604761795
mask_1260 28.188854 40.638671875 0.26508631452998094
mask_1261 30.411638 41.6123046875 0.26369076064978675
mask_1262 31.948662 42.263671875 0.26510562622373085
mask_1263 27.790838 40.48046875 0.2528468894464233
mask_1264 30.511542 41.7265625 0.2779220119579167
mask_1265 38.977846 48.2607421875 0.26212786343141753
mask_1266 28.185526 40.2236328125 0.25929780390205315
mask_1267 29.91711 42.7021484375 0.2616142958931466
mask_1268 34.689718 46.265625 0.27677080829687195
mask_1269 35.460278 46.7568359375 0.2741879538062932
mask_1270 32.026806 44.326171875 0.269471752392527
mask_1271 34.799734 46.6279296875 0.28541609127069034
mask_1272 29.442166 42.359375 0.25810759345260015
mask_1273 30.113014 40.75390625 0.25891237854505406
mask_1274 28.284022 39.8486328125 0.2810888185419227
mask_1275 35.844342 49.12109375 0.25904620040399906
mask_1276 27.462838 40.107421875 0.2606474979646918
mask_1277 27.41375 39.1650390625 0.25635837477381096
mask_1278 30.421238 40.9443359375 0.27116688394330146
mask_1279 33.957238 45.5908203125 0.25454081948343954
mask_1280 28.520502 38.693359375 0.2513624544947644
mask_1281 27.504182 39.1083984375 0.280543286549276
mask_1282 31.377462 41.6767578125 0.27223904810714394
mask_1283 31.70271 42.587890625 0.26906869559410035
mask_1284 29.733942 43.5390625 0.2512108981260057
mask_1285 27.091702 39.900390625 0.2556097327325559
mask_1286 29.006198 40.4501953125 0.26629805987924615
mask_1287 35.071478 46.029296875 0.2635262089076109
mask_1288 26.365366 37.7685546875 0.2811367819112194
mask_1289 28.562038 39.2568359375 0.26141814826240606
mask_1290 31.338742 40.98046875 0.2625451252908383
mask_1291 28.103542 40.1181640625 0.2606843402711817
mask_1292 31.77983 42.3251953125 0.2605850477768242
mask_1293 29.520054 41.8046875 0.26538925206912983
mask_1294 35.638326 46.9833984375 0.2588281753508897
mask_1295 27.846646 40.4072265625 0.24718287052587715
mask_1296 34.758006 47.138671875 0.26098858316207
mask_1297 25.704246 39.6337890625 0.26568365380234193
mask_1298 28.734326 40.59765625 0.26141877776107586
mask_1299 34.315894 46.12109375 0.26745773879424617
mask_1300 32.55423 42.3798828125 0.27417345334811566
mask_1301 35.389942 45.6494140625 0.27390111888079943
mask_1302 34.009078 46.064453125 0.2744110665455009
mask_1303 33.136502 44.0078125 0.2699409571471053
mask_1304 28.787766 39.8037109375 0.25561706275196916
mask_1305 30.901814 43.34375 0.2744133988723706
mask_1306 33.68991 44.2314453125 0.25347654706279127
mask_1307 30.798838 41.2998046875 0.2656787316184555
mask_1308 35.285238 47.734375 0.2484748950840367
mask_1309 33.596662 45.185546875 0.2735732163579759
mask_1310 33.553398 45.138671875 0.26418006930450016
mask_1311 27.92287 40.3525390625 0.2703928766099112
mask_1312 28.090486 40.6904296875 0.26164019179319614
mask_1313 27.674998 40.2197265625 0.2693247735077952
mask_1314 36.63487 46.1142578125 0.26997412420831696
mask_1315 29.892086 41.43359375 0.27468304620889694
mask_1316 26.712054 39.2275390625 0.2644950176858256
mask_1317 28.84575 41.9775390625 0.27113808101974207
mask_1318 34.366774 45.8046875 0.28033745821029143
mask_1319 34.835318 45.4921875 0.27848816439374185
mask_1320 34.420726 46.7919921875 0.26428701484671474
mask_1321 34.295222 46.1669921875 0.26714926211795925
mask_1322 31.25791 42.53125 0.2909806524228927
mask_1323 34.598582 45.775390625 0.2632044379523099
mask_1324 34.858934 45.9287109375 0.27106096694277304
mask_1325 36.079798 47.2890625 0.27773973090233334
mask_1326 28.44351 41.388671875 0.2676077235021182
mask_1327 27.876214 40.154296875 0.264015263621646
mask_1328 31.932022 43.2041015625 0.2675198449417254
mask_1329 34.320246 47.125 0.2574892597401287
mask_1330 26.883382 39.9375 0.2648429067095807
mask_1331 31.377782 41.3134765625 0.2801957250929199
mask_1332 37.192758 46.8349609375 0.27752468781012585
mask_1333 32.543094 43.0517578125 0.26606151446480003
mask_1334 34.429302 46.6103515625 0.2681142474829461
mask_1335 29.714614 41.060546875 0.2750216300086322
mask_1336 26.627766 40.5751953125 0.2516621063768239
mask_1337 29.83999 40.9326171875 0.268924861538647
mask_1338 34.86815 47.4580078125 0.27439519081727015
mask_1339 30.348406 41.04296875 0.2713070287287019
mask_1340 33.17759 45.140625 0.2741394867115767
mask_1341 35.469238 46.4921875 0.2644946366576036
mask_1342 27.382838 39.6455078125 0.2599303888188189
mask_1343 33.756726 45.259765625 0.270717418484388
mask_1344 31.42623 41.1572265625 0.2623156172611589
mask_1345 34.018294 45.373046875 0.27520100606060766
mask_1346 33.512502 45.6953125 0.261393876903257
mask_1347 35.150198 46.4287109375 0.27785455698998923
mask_1348 29.71775 41.40625 0.2543859756512141
mask_1349 34.828982 45.45703125 0.28257849551524994
mask_1350 26.210166 37.181640625 0.253257642498876
mask_1351 28.884854 40.392578125 0.26924787370498143
mask_1352 36.15135 49.693359375 0.26756888419075114
mask_1353 28.872566 40.2578125 0.26840270551436013
mask_1354 35.150838 49.12890625 0.26278639772520607
mask_1355 25.322422 39.4404296875 0.2566887957061482
mask_1356 26.322038 39.966796875 0.26269274684084304
mask_1357 27.40799 39.244140625 0.25924316311881346
mask_1358 34.19231 48.08984375 0.2571632354553761
mask_1359 34.279798 48.083984375 0.2590118565982355
mask_1360 27.487158 40.5634765625 0.2681652539179262
mask_1361 28.979126 40.4140625 0.2815324251876858
mask_1362 30.365494 41.4716796875 0.25732012011746436
mask_1363 32.890358 44.9287109375 0.2552992615830953
mask_1364 31.159798 40.345703125 0.2435142482025679
mask_1365 28.290102 42.4970703125 0.24489689414209767
mask_1366 30.439094 39.7392578125 0.27709626837802387
mask_1367 31.072118 41.349609375 0.2767647873112801
mask_1368 34.656374 45.9599609375 0.27417040371999096
mask_1369 36.174006 47.962890625 0.27008558471031346
mask_1370 29.117686 40.208984375 0.2504720464136713
mask_1371 26.740278 39.4091796875 0.25987044171616813
mask_1372 32.010102 48.6044921875 0.26287719408523647
mask_1373 30.983542 44.2060546875 0.256119864358081
mask_1374 27.638582 39.9169921875 0.2581361877076515
mask_1375 29.36703 40.486328125 0.2710807937025043
mask_1376 28.397494 39.033203125 0.2802295856257671
mask_1377 29.383734 40.7607421875 0.26371681577346034
mask_1378 28.041462 39.865234375 0.27209160365678753
mask_1379 29.964726 41.005859375 0.26188845288864815
mask_1380 30.152694 42.021484375 0.27067131811861966
mask_1381 29.297462 40.080078125 0.27217972361715065
mask_1382 32.063414 42.5634765625 0.26508542960248066
mask_1383 35.356918 48.810546875 0.2481472943494175
mask_1384 31.846454 42.662109375 0.2868970007055413
mask_1385 28.452662 40.578125 0.2755626156430458
mask_1386 30.864694 41.25 0.2721831047836063
mask_1387 26.084278 39.6689453125 0.2648670652199606
mask_1388 28.437238 40.3125 0.2539753895512751
mask_1389 30.48543 42.1396484375 0.2731686416555274
mask_1390 32.459254 44.291015625 0.2573621729491927
mask_1391 27.950774 41.001953125 0.2558988700503024
mask_1392 29.775542 42.2099609375 0.272332539697043
mask_1393 39.329846 49.751953125 0.2768087169429272
mask_1394 26.496054 38.5654296875 0.2605520050629278
mask_1395 33.380534 44.46875 0.27939241535499565
mask_1396 31.656822 43.265625 0.2768975914437906
mask_1397 31.731894 43.5859375 0.24515439444498777
mask_1398 36.161974 46.068359375 0.2640302985206462
mask_1399 28.969526 41.1796875 0.2606159823635419
mask_1400 33.001526 42.986328125 0.2755532970951451
mask_1401 31.055222 41.591796875 0.28016618860371056
mask_1402 35.763702 46.474609375 0.2803279715063931
mask_1403 31.054006 41.7734375 0.28013137565000557
mask_1404 32.11487 45.5966796875 0.25375478430834597
mask_1405 34.787446 44.6064453125 0.268006946161171
mask_1406 30.293174 41.0888671875 0.26973863200544335
mask_1407 28.586998 41.7041015625 0.2775639534702746
mask_1408 35.276726 45.955078125 0.2729590302924858
mask_1409 35.419574 46.677734375 0.28090406036050375
mask_1410 32.252854 43.44140625 0.28655546704796614
mask_1411 35.009334 47.63671875 0.2691984490082934
mask_1412 35.988534 46.7041015625 0.2600410288933983
mask_1413 34.619446 44.8173828125 0.2777574368648097
mask_1414 31.86911 43.46875 0.25257780578080535
mask_1415 29.905398 41.1640625 0.24686451769038723
mask_1416 29.737142 42.73828125 0.2671194477901288
mask_1417 28.265974 40.91015625 0.2671997912738195
mask_1418 35.02303 45.291015625 0.25027908689241884
mask_1419 28.881846 40.7001953125 0.2600662244788758
mask_1420 26.642102 38.841796875 0.26306492232368556
mask_1421 27.529078 40.435546875 0.27300615262096445
mask_1422 34.742902 44.712890625 0.24834293428594248
mask_1423 28.036726 39.1845703125 0.26023773864753824
mask_1424 30.972662 42.3095703125 0.2738605363137685
mask_1425 34.73599 44.7119140625 0.28059220971933585
mask_1426 34.926006 46.1376953125 0.2673160180477272
mask_1427 33.31263 46.9150390625 0.26595985164041175
mask_1428 34.366454 46.798828125 0.264421408362312
mask_1429 30.304054 41.8876953125 0.266522717012378
mask_1430 30.304822 42.1865234375 0.2715747690344949
mask_1431 33.460726 45.2001953125 0.25376409903787034
mask_1432 33.500022 45.927734375 0.27680444504535645
mask_1433 36.227254 46.9755859375 0.27624490760916504
mask_1434 27.977974 38.44921875 0.27344696277455766
mask_1435 33.753782 43.8134765625 0.2793469615471879
mask_1436 28.680566 39.7451171875 0.2679749244853561
mask_1437 32.420598 45.603515625 0.26565719825687534
mask_1438 31.587894 46.9072265625 0.26204708324143866
mask_1439 26.608118 39.8564453125 0.27379168231550877
mask_1440 30.886646 42.751953125 0.2790874095951357
mask_1441 33.642998 44.38671875 0.2835717325681499
mask_1442 35.857974 44.326171875 0.27885180435249274
mask_1443 35.712502 46.9150390625 0.2819922891675174
mask_1444 31.88511 40.5751953125 0.27272344825580197
mask_1445 37.178806 46.9423828125 0.26855121287062833
mask_1446 35.437686 46.68359375 0.2542030409601907
mask_1447 28.962038 40.5 0.27210438716478386
mask_1448 31.105398 39.84375 0.26913482828849583
mask_1449 28.424886 40.462890625 0.2786462618916899
mask_1450 28.594038 40.5498046875 0.2732799528495388
mask_1451 33.79615 47.5380859375 0.2507258996515174
mask_1452 33.544566 45.6083984375 0.2736822533641448
mask_1453 38.287158 49.34765625 0.26133792559828056
mask_1454 34.852534 44.9482421875 0.2547344883440466
mask_1455 33.826806 46.3232421875 0.2685316608648726
mask_1456 29.872502 40.8828125 0.27289624032568005
mask_1457 36.278646 45.7822265625 0.2589558721866634
mask_1458 28.92223 42.263671875 0.2620764377903208
mask_1459 35.02239 46.14453125 0.2770532229041541
mask_1460 31.820854 40.5126953125 0.26838396342260146
mask_1461 33.88735 45.01953125 0.26813566751352985
mask_1462 35.909366 48.990234375 0.27510083473021285
mask_1463 34.00735 44.046875 0.2845378189572497
mask_1464 31.62143 42.521484375 0.2714599871683088
mask_1465 34.156086 46.7412109375 0.26462717446880696
mask_1466 25.468598 37.044921875 0.25921189421797486
mask_1467 29.222006 41.431640625 0.2573347455895894
mask_1468 33.332598 44.396484375 0.2730069509328049
mask_1469 35.874486 48.8193359375 0.2515714439971836
mask_1470 30.314166 40.8095703125 0.2724955613256565
mask_1471 32.580598 45.9326171875 0.25265091604295975
mask_1472 28.81183 41.2958984375 0.26955885534097096
mask_1473 28.286646 41.63671875 0.25862100804924737
mask_1474 29.07679 41.3251953125 0.2649852159683472
mask_1475 35.006518 46.212890625 0.2587062241532437
mask_1476 35.080566 47.220703125 0.2629872601454471
mask_1477 32.943926 45.21484375 0.2582357351120751
mask_1478 29.730486 41.5634765625 0.2672685700105712
mask_1479 29.031926 41.20703125 0.2810122139587216
mask_1480 31.462326 42.4560546875 0.2613450254066423
mask_1481 28.681654 40.9208984375 0.2674615618255544
mask_1482 29.85695 40.7431640625 0.27559515930422074
mask_1483 34.697206 46.8994140625 0.2675731096030798
mask_1484 30.982134 40.0029296875 0.24566344786298788
mask_1485 27.05279 40.353515625 0.2674001373153434
mask_1486 30.908598 39.7021484375 0.28615759016633063
mask_1487 30.83039 43.259765625 0.2632269874336103
mask_1488 33.640822 44.5029296875 0.27752190071627764
mask_1489 36.255414 48.6455078125 0.2587846964786786
mask_1490 31.237046 41.1103515625 0.25902856168756305
mask_1491 32.76415 44.69921875 0.27189929273089136
mask_1492 33.215862 43.4033203125 0.27645699875432067
mask_1493 34.293558 46.015625 0.26569455973950157
mask_1494 33.247286 44.4638671875 0.27727786906138563
mask_1495 37.042038 47.7041015625 0.2564923216789429
mask_1496 29.87295 40.919921875 0.26634838372592723
mask_1497 33.457526 44.2275390625 0.27061612058749007
mask_1498 25.052918 38.5244140625 0.2630911326293452
mask_1499 32.713014 48.390625 0.262341941419233
mask_1500 33.494966 43.4169921875 0.27539633862121077
mask_1501 31.744246 43.1826171875 0.2592768838793403
mask_1502 35.900918 46.1962890625 0.25491161747872115
mask_1503 31.847542 43.3759765625 0.27898270619992355
mask_1504 32.050422 43.5703125 0.26477869824634664
mask_1505 31.35487 42.001953125 0.26892885665040533
mask_1506 32.911734 45.626953125 0.2778223362345058
mask_1507 32.764278 43.521484375 0.27402533028622594
mask_1508 32.46239 42.150390625 0.27406303969471824
mask_1509 28.420214 39.7890625 0.25931767818798684
mask_1510 28.856502 41.908203125 0.26056649171883306
mask_1511 32.585718 45.2138671875 0.2744534356633601
mask_1512 34.276854 45.939453125 0.26833806967555246
mask_1513 35.961142 46.9970703125 0.261640271149516
mask_1514 32.507318 44.5166015625 0.2810987733381825
mask_1515 31.33311 43.142578125 0.2640319247933905
mask_1516 34.855094 46.03515625 0.26084564919176606
mask_1517 34.520054 45.40234375 0.28750302790173915
mask_1518 34.387894 45.9365234375 0.24784072703912072
mask_1519 31.514166 42.208984375 0.2622723105409421
mask_1520 27.057014 38.224609375 0.2721269226077143
mask_1521 30.01791 40.814453125 0.2667977726347528
mask_1522 29.078134 41.3876953125 0.2638122616740039
mask_1523 31.426038 42.314453125 0.27669231338569406
mask_1524 34.844086 42.7177734375 0.26003070493734076
mask_1525 32.564534 43.1181640625 0.26629569695352495
mask_1526 29.34975 41.046875 0.25536654881651455
mask_1527 34.061814 45.48828125 0.25682415147477433
mask_1528 28.661046 41.173828125 0.2634961616810976
mask_1529 28.355894 40.5341796875 0.271907967183901
mask_1530 33.158646 44.279296875 0.25232107708414214
mask_1531 35.228726 45.818359375 0.28080556690537933
mask_1532 29.325878 40.34375 0.26997599751063556
mask_1533 31.727542 41.896484375 0.2734677904001932
mask_1534 31.271094 42.9541015625 0.2832327626877332
mask_1535 32.608886 41.501953125 0.27600186483931727
mask_1536 36.90143 46.154296875 0.2736758486263329
mask_1537 32.017078 43.1953125 0.26922945563756556
mask_1538 34.286006 46.2021484375 0.26916619936867475
mask_1539 35.464822 46.767578125 0.25853476240293805
mask_1540 31.342198 42.47265625 0.275162307461915
mask_1541 33.481142 43.9423828125 0.2692342730719229
mask_1542 33.035382 43.7626953125 0.2747393652096721
mask_1543 33.509238 44.6416015625 0.2747727377155696
mask_1544 31.016374 42.9482421875 0.2576999247780643
mask_1545 34.519798 47.3037109375 0.26889361345055485
mask_1546 36.883254 47.7626953125 0.2904787334025272
mask_1547 37.229174 46.814453125 0.26738413998543153
mask_1548 28.962358 40.33984375 0.26209463454918086
mask_1549 29.828534 42.6513671875 0.27868614942947817
mask_1550 35.80255 47.1142578125 0.2747329588491651
mask_1551 29.066422 39.94140625 0.26900218204478504
mask_1552 33.398966 43.763671875 0.27287937592791905
mask_1553 32.42719 45.9931640625 0.26261783685197737
mask_1554 26.793078 39.44140625 0.27429400492852773
mask_1555 29.602422 41.5029296875 0.2759872964284689
mask_1556 34.39839 44.748046875 0.28256199222521805
mask_1557 35.32511 45.0068359375 0.2723476316652481
mask_1558 34.52607 44.7802734375 0.2642045240607349
mask_1559 33.884278 47.759765625 0.2732170436444598
mask_1560 31.532598 41.5615234375 0.2642243144269803
mask_1561 28.22431 41.462890625 0.27163093205058647
mask_1562 36.277238 46.7978515625 0.24878229315306608
mask_1563 32.624182 43.91796875 0.2775133607137513
mask_1564 33.897014 45.7412109375 0.2601133548400679
mask_1565 31.70751 43.5673828125 0.27347195863100954
mask_1566 30.313718 41.5361328125 0.26054222122076626
mask_1567 29.168694 40.57421875 0.25900731566533525
mask_1568 35.56063 46.154296875 0.26414737138159783
mask_1569 25.846646 38.369140625 0.24277400871893262
mask_1570 31.66303 44.27734375 0.2751618202099571
mask_1571 35.045942 48.146484375 0.2726861223567036
mask_1572 31.683702 43.3583984375 0.275360247494226
mask_1573 31.435638 44.517578125 0.27926254861559746
mask_1574 33.890934 45.2626953125 0.2830906795229644
mask_1575 32.360694 42.330078125 0.2453057761825771
mask_1576 31.787446 44.6845703125 0.2683787280607495
mask_1577 33.526262 42.97265625 0.26125011873081366
mask_1578 34.554166 46.193359375 0.25192649564151753
mask_1579 29.660342 40.60546875 0.2616969799118773
mask_1580 32.407478 43.0986328125 0.274231168829276
mask_1581 34.307254 43.150390625 0.28537953723518894
mask_1582 31.95615 41.177734375 0.2735609463585555
mask_1583 34.813814 45.955078125 0.27999955939043564
mask_1584 32.657462 44.7939453125 0.2777450145195907
mask_1585 36.922806 48.0986328125 0.26834144468236504
mask_1586 35.894006 44.9140625 0.266317811255037
mask_1587 29.457206 40.9521484375 0.2641969540401113
mask_1588 37.37759 48.9189453125 0.2764356550748364
mask_1589 29.660854 39.921875 0.26393471593250656
mask_1590 31.728566 42.0810546875 0.2742120009307579
mask_1591 28.302198 40.666015625 0.2672975310035112
mask_1592 33.57567 44.3876953125 0.2810041030285204
mask_1593 31.29279 41.994140625 0.26106022668812273
mask_1594 32.471286 45.802734375 0.25680662022945594
mask_1595 31.864054 42.27734375 0.26064415464320917
mask_1596 32.978934 47.140625 0.26505119147074246
mask_1597 28.599414 41.0146484375 0.254068100609657
mask_1598 29.386934 41.349609375 0.2591999429649025
mask_1599 29.64607 41.4599609375 0.2692421892782137
mask_1600 32.970614 42.740234375 0.28102140317725277
mask_1601 31.436726 44.0234375 0.2640385274090391
mask_1602 36.387958 47.54296875 0.2684667651288289
mask_1603 36.359094 46.52734375 0.28488139453838035
mask_1604 34.580662 45.248046875 0.27863207649388017
mask_1605 35.282166 45.791015625 0.2710661879244255
mask_1606 31.956278 44.7119140625 0.27510223546376394
mask_1607 30.465078 42.5498046875 0.2591197709148475
mask_1608 32.058614 43.6044921875 0.27246975517598665
mask_1609 32.834358 43.1982421875 0.2774224216632467
mask_1610 31.53119 42.005859375 0.27142879984378027
mask_1611 33.051318 43.78515625 0.27145747111318647
mask_1612 28.565238 39.5576171875 0.27045256139017937
mask_1613 29.18079 42.3046875 0.27216324547885123
mask_1614 33.914998 45.015625 0.26829437354134256
mask_1615 30.723382 42.333984375 0.27681361490796424
mask_1616 29.227702 42.8095703125 0.2761989549740445
mask_1617 36.425462 47.2509765625 0.2697660764125686
mask_1618 34.844086 45.73046875 0.27944696950766273
mask_1619 36.910518 47.4443359375 0.2811839003245654
mask_1620 35.477622 46.1318359375 0.2768982901226814
mask_1621 30.979062 41.2373046875 0.2630103159723457
mask_1622 30.722422 45.26953125 0.2656730217126543
mask_1623 35.79359 47.6943359375 0.24794352437464182
mask_1624 34.457526 45.63671875 0.2725877200457804
mask_1625 28.211894 38.673828125 0.2616691031804815
mask_1626 27.969206 40.3095703125 0.27500714022279604
mask_1627 28.667574 41.58984375 0.2588983964033625
mask_1628 33.80959 45.4501953125 0.2495223946356111
mask_1629 28.188406 40.048828125 0.27562846021282095
mask_1630 28.299446 41.3671875 0.25372945545003006
mask_1631 33.72831 44.484375 0.2754197415001076
mask_1632 35.242038 45.9619140625 0.265643974875487
mask_1633 31.911158 43.99609375 0.2678349221961549
mask_1634 34.038454 45.4248046875 0.2847168619438454
mask_1635 31.193462 41.291015625 0.2705163018727579
mask_1636 33.33535 43.5830078125 0.25618622632888244
mask_1637 29.89183 40.96484375 0.24878186104530514
mask_1638 28.563062 41.1025390625 0.281971042408428
mask_1639 30.672438 42.2744140625 0.26995167240982076
mask_1640 35.79135 44.9599609375 0.2887139758900695
mask_1641 29.62335 40.1982421875 0.25333550570571933
mask_1642 31.972214 42.8203125 0.26847435437108086
mask_1643 29.923766 41.5234375 0.2701484009029688
mask_1644 31.861494 43.935546875 0.2871380398947299
mask_1645 33.92447 44.5556640625 0.26576518619718265
mask_1646 36.727862 46.375 0.2739583569279097
mask_1647 38.38655 49.24609375 0.26736652258282495
mask_1648 32.228598 44.537109375 0.2621340314090643
mask_1649 32.030902 44.7294921875 0.2822971765713381
mask_1650 30.15935 41.19140625 0.2694997876467458
mask_1651 29.489142 42.0380859375 0.26277742311618557
mask_1652 34.017398 45.060546875 0.272164345708221
mask_1653 31.600374 43.75 0.26409912805187186
mask_1654 33.458166 45.78125 0.2641737858562524
mask_1655 31.288054 43.109375 0.2709126650717743
mask_1656 35.427062 47.787109375 0.27051473220701194
mask_1657 31.68511 42.8046875 0.28593381414567565
mask_1658 33.664182 45.53515625 0.2732054315368446
mask_1659 36.59359 44.8984375 0.2893109298847847
mask_1660 26.65183 38.72265625 0.268111457874608
mask_1661 30.351926 44.3193359375 0.2551394315926742
mask_1662 27.76831 41.1220703125 0.2691630911605834
mask_1663 33.749174 44.380859375 0.2759380799299152
mask_1664 27.68287 39.703125 0.26920892231453525
mask_1665 35.018102 45.7841796875 0.2852275513917452
mask_1666 31.517686 47.44921875 0.25188538598823307
mask_1667 27.921334 40.6806640625 0.2697641462699854
mask_1668 29.486262 40.8955078125 0.2672508595992843
mask_1669 36.939318 47.216796875 0.2703561418915227
mask_1670 33.862454 45.7568359375 0.2665997183745446
mask_1671 36.080054 45.5029296875 0.2760832066601467
mask_1672 37.853238 47.109375 0.260262495744568
mask_1673 33.341046 45.3359375 0.2734925520166929
mask_1674 33.31775 44.2392578125 0.2870419026697882
mask_1675 31.830646 41.0966796875 0.2670477077598534
mask_1676 31.004918 43.0361328125 0.28111178352234606
mask_1677 36.878518 46.58203125 0.26512142132757727
mask_1678 34.034998 44.7998046875 0.2792073952451337
mask_1679 36.322742 46.388671875 0.27523809199997884
mask_1680 33.868214 45.1953125 0.267971588790324
mask_1681 33.525366 44.466796875 0.27886308554226835
mask_1682 27.75455 39.400390625 0.2501292999601467
mask_1683 30.672694 39.43359375 0.2570794524293866
mask_1684 34.892854 46.0859375 0.2719948111957
mask_1685 26.881014 39.412109375 0.23951574347386073
mask_1686 28.125366 39.3779296875 0.2729752083361027
mask_1687 36.225526 46.6708984375 0.2560531509309286
mask_1688 34.817846 44.5185546875 0.28422151118760497
mask_1689 35.724086 45.490234375 0.27686043825615597
mask_1690 34.111926 46.068359375 0.2421013664369249
mask_1691 33.41567 42.966796875 0.25668484792350144
mask_1692 34.042294 44.970703125 0.26341597875074246
mask_1693 31.286582 42.23046875 0.2678549628454693
mask_1694 35.965046 46.9833984375 0.26473483763653405
mask_1695 31.838582 42.7099609375 0.2719415348996882
mask_1696 28.911414 41.603515625 0.2541784771637313
mask_1697 35.529014 46.5361328125 0.26071160956110745
mask_1698 32.855414 42.1083984375 0.27374407395842587
mask_1699 34.238646 45.4912109375 0.2727567055524577
mask_1700 33.246902 43.337890625 0.2701133985642873
mask_1701 30.686966 41.4453125 0.27108262930684185
mask_1702 33.098486 45.77734375 0.26956447485129487
mask_1703 33.294774 43.3056640625 0.28041089329215185
mask_1704 36.243958 45.0185546875 0.2775414537703036
mask_1705 36.933302 47.7099609375 0.2773904725562859
mask_1706 35.796278 45.40625 0.25936095014422866
mask_1707 31.791798 43.9208984375 0.2823115627910116
mask_1708 34.261878 45.1669921875 0.28194943080086804
mask_1709 33.540918 44.0087890625 0.2828650276025008
mask_1710 33.483638 44.669921875 0.26989242286704945
mask_1711 30.352758 40.751953125 0.26860470285977356
mask_1712 32.447158 44.3662109375 0.2672605563506208
mask_1713 33.563062 45.30859375 0.2726170496712932
mask_1714 30.338678 40.8916015625 0.26684050394546666
mask_1715 35.605814 45.892578125 0.2694874034634927
mask_1716 35.908214 46.365234375 0.25888645651895426
mask_1717 34.188854 45.763671875 0.27390225413693065
mask_1718 32.77279 41.6611328125 0.2727308793764351
mask_1719 34.516982 46.5 0.27083529183180793
mask_1720 34.25183 45.189453125 0.27300194374321984
mask_1721 29.474358 41.111328125 0.26964352819784393
mask_1722 27.97599 41.3193359375 0.26799428460081604
mask_1723 32.966134 44.302734375 0.2610489842098191
mask_1724 31.19391 43.25390625 0.2704536010938383
mask_1725 35.228342 46.2080078125 0.27742526741306883
mask_1726 36.100022 45.4150390625 0.2629218676898234
mask_1727 35.526134 45.345703125 0.278756047939156
mask_1728 35.14879 45.7197265625 0.2731688007709516
mask_1729 35.208182 46.9873046875 0.27275218196378037
mask_1730 28.54271 41.2734375 0.2730699717111681
mask_1731 36.392374 46.412109375 0.25867452831144655
mask_1732 33.190134 43.841796875 0.27503007091852155
mask_1733 34.005302 46.8134765625 0.24925082636889168
mask_1734 36.987318 47.228515625 0.27308019707334075
mask_1735 34.43615 46.5693359375 0.26870384056508223
mask_1736 28.67391 40.0078125 0.24738049496008188
mask_1737 35.985718 47.033203125 0.28373058678247176
mask_1738 27.70783 39.40625 0.25963496477152365
mask_1739 31.446518 43.857421875 0.258614030294978
mask_1740 29.155446 41.6513671875 0.2806289868990563
mask_1741 31.60799 41.6845703125 0.27180718982320323
mask_1742 27.431286 40.32421875 0.2675639881919374
mask_1743 32.886326 44.07421875 0.2713279007810023
mask_1744 30.762102 43.5234375 0.2563924386253868
mask_1745 33.107766 43.7626953125 0.2764821253812951
mask_1746 36.070198 45.9873046875 0.26261222059531675
mask_1747 33.69663 43.6083984375 0.2745570861099153
mask_1748 36.244214 45.7548828125 0.26584732332021704
mask_1749 29.20479 40.3349609375 0.27871765463153475
mask_1750 36.140662 45.14453125 0.25902101097151997
mask_1751 28.050742 40.1611328125 0.2694284209549944
mask_1752 28.384886 40.8740234375 0.28695670798992606
mask_1753 37.552246 46.5625 0.2423236148766947
mask_1754 36.95967 47.2236328125 0.27046760567581535
mask_1755 31.567798 41.279296875 0.2543496450300482
mask_1756 31.494518 42.0966796875 0.2569920102256409
mask_1757 32.003382 43.546875 0.2705545139750394
mask_1758 32.623158 42.49609375 0.26549429137473607
mask_1759 35.849846 46.4990234375 0.27621633994716954
mask_1760 35.585782 46.25 0.27599705423982446
mask_1761 36.50591 47.4501953125 0.2804845573142767
mask_1762 31.939766 44.2353515625 0.25724669388178945
mask_1763 34.183542 45.7890625 0.280953183914101
mask_1764 30.261494 43.1142578125 0.27878017520232423
mask_1765 32.950006 44.9296875 0.26747298422386806
mask_1766 33.599862 43.5263671875 0.27785427505181004
mask_1767 29.772406 41.91015625 0.28381389679768537
mask_1768 37.373878 47.2548828125 0.26747064231948436
mask_1769 34.48767 46.1142578125 0.24561265033949775
mask_1770 31.777846 42.4130859375 0.2710065565980841
mask_1771 33.898166 45.2041015625 0.2686446338537318
mask_1772 33.793462 46.23828125 0.2836628920717828
mask_1773 31.927094 42.9443359375 0.27976567201254493
mask_1774 33.50911 43.791015625 0.2713925636875211
mask_1775 35.122102 46.41015625 0.26800273556739773
mask_1776 36.47583 44.7109375 0.26417583292026325
mask_1777 29.176758 40.244140625 0.27173376006816313
mask_1778 30.619446 43.6220703125 0.2654767997571588
mask_1779 28.729398 40.560546875 0.2713310565531594
mask_1780 33.423862 44.8037109375 0.27419865112896763
mask_1781 35.267766 46.9716796875 0.2749550551360294
mask_1782 28.55967 39.8701171875 0.27658622187455134
mask_1783 33.497334 45.4345703125 0.269812488290039
mask_1784 32.318774 46.6513671875 0.26366168703922194
mask_1785 27.557686 40.7724609375 0.25976958027788055
mask_1786 30.071926 41.3642578125 0.26313540153382403
mask_1787 34.530678 45.4931640625 0.2852656103875026
mask_1788 32.263926 44.29296875 0.2822035397994564
mask_1789 36.077494 45.5546875 0.2709958055855383
mask_1790 34.572918 43.611328125 0.26456911526710625
mask_1791 32.849462 45.0576171875 0.26553599780891385
mask_1792 36.76959 46.7890625 0.2816173999271034
mask_1793 32.11999 41.0986328125 0.2572361152907317
mask_1794 29.76959 42.6484375 0.2596670910934469
mask_1795 32.549814 44.84765625 0.26334359438048216
mask_1796 32.666678 44.0478515625 0.2780214715254904
mask_1797 35.299958 45.9130859375 0.28500388255193493
mask_1798 33.941366 44.755859375 0.2647208442917965
mask_1799 35.490614 46.5634765625 0.27824266335615266
mask_1800 32.885046 43.3427734375 0.28534703188384614
mask_1801 31.338166 43.1796875 0.27130347819053513
mask_1802 35.301238 45.8330078125 0.26777125101771415
mask_1803 36.528758 44.7958984375 0.26277441427195997
mask_1804 34.797494 44.708984375 0.2918822195158091
mask_1805 35.914998 46.216796875 0.2769762201478261
mask_1806 35.920054 45.896484375 0.2736589639007704
mask_1807 31.11711 43.625 0.25660160743304383
mask_1808 34.12223 45.6708984375 0.28294192506580473
mask_1809 29.982518 42.3466796875 0.2881351780093388
mask_1810 31.157686 42.2568359375 0.2755458362783323
mask_1811 30.891702 42.705078125 0.26342039561480945
mask_1812 31.172214 41.869140625 0.2572739702596872
mask_1813 31.91167 42.908203125 0.2816009074268403
mask_1814 34.185846 45.9794921875 0.26692471056990946
mask_1815 35.824758 43.16015625 0.27621688580347203
mask_1816 32.955958 44.556640625 0.2576793978201155
mask_1817 33.37951 45.0537109375 0.2802224604644484
mask_1818 32.582134 44.580078125 0.25731833564207846
mask_1819 35.47295 46.4072265625 0.28340534930784433
mask_1820 34.27327 45.95703125 0.27142904527122735
mask_1821 32.60895 43.1171875 0.274993540985277
mask_1822 32.586294 43.5078125 0.2665503159219545
mask_1823 35.64639 45.6025390625 0.25560485120373694
mask_1824 31.501942 43.61328125 0.2534109627075218
mask_1825 31.456886 43.6962890625 0.2601983400432722
mask_1826 31.87103 44.3095703125 0.28133041621694294
mask_1827 35.582454 46.56640625 0.272218471535663
mask_1828 32.644726 45.322265625 0.2817483969987321
mask_1829 33.851958 43.45703125 0.28502620351850505
mask_1830 31.035702 43.9287109375 0.27213922161925586
mask_1831 33.475062 44.3779296875 0.2832982480721732
mask_1832 33.447158 43.2841796875 0.2822166080784859
mask_1833 34.720886 45.93359375 0.27169388234027914
mask_1834 34.353654 45.2490234375 0.2776935200127791
mask_1835 35.25759 46.8720703125 0.2748389735773386
mask_1836 31.664822 43.890625 0.2814535360004996
mask_1837 30.57023 43.9326171875 0.27087971338557937
mask_1838 34.686454 45.392578125 0.2870254052477719
mask_1839 30.196854 41.4638671875 0.277589870082778
mask_1840 33.641014 45.091796875 0.27816411208015085
mask_1841 35.775222 45.3623046875 0.25053219395276294
mask_1842 30.80575 41.30078125 0.2821958927421984
mask_1843 33.18815 44.28515625 0.27500338756421233
mask_1844 36.534518 47.755859375 0.2739063866924921
mask_1845 35.200822 46.228515625 0.27399001842788756
mask_1846 35.219254 46.775390625 0.2613553781373372
mask_1847 31.092918 42.5556640625 0.27047470157938686
mask_1848 35.762678 47.173828125 0.2795987704442234
mask_1849 27.108278 37.9765625 0.2601452814375181
mask_1850 31.86815 43.537109375 0.2699741384495375
mask_1851 27.86815 40.8671875 0.2506120128546317
mask_1852 34.847158 45.529296875 0.2750236597975474
mask_1853 28.887094 40.2392578125 0.2684158368112372
mask_1854 32.607926 42.875 0.27240317303684214
mask_1855 30.098102 42.505859375 0.2754382915938738
mask_1856 35.058294 45.666015625 0.2642946944433992
mask_1857 33.514358 44.2080078125 0.27445992436548333
mask_1858 34.959542 45.9990234375 0.2813152772954186
mask_1859 34.154166 45.1845703125 0.27373222131042424
mask_1860 31.221878 43.92578125 0.2664332972697695
mask_1861 28.35551 40.8857421875 0.2600533222996257
mask_1862 30.518326 43.4091796875 0.2647843060697045
mask_1863 36.024566 44.859375 0.27354559280631907
mask_1864 26.788662 38.87890625 0.26933198951632303
mask_1865 35.308086 46.064453125 0.2818054229512175
mask_1866 27.674998 40.623046875 0.26740197959777595
mask_1867 33.751862 43.2177734375 0.2682796208071714
mask_1868 34.33151 44.705078125 0.25911554166376544
mask_1869 36.179702 46.0009765625 0.2667262830982537
mask_1870 30.093046 40.75390625 0.25741666461272944
mask_1871 30.488374 41.0703125 0.26280180679912263
mask_1872 30.13503 41.740234375 0.26569931811853115
mask_1873 32.039926 42.1572265625 0.2786576136697719
mask_1874 33.95423 44.8583984375 0.2719342028309444
mask_1875 35.974966 46.8271484375 0.2785903633309441
mask_1876 33.32031 42.779296875 0.27490401689757166
mask_1877 35.509686 46.912109375 0.27764834168615643
mask_1878 31.516918 42.7685546875 0.27740579837454116
mask_1879 34.625846 45.728515625 0.2798907829703455
mask_1880 31.042742 43.478515625 0.2840213738425965
mask_1881 33.472566 45.2841796875 0.26593196416294407
mask_1882 31.781622 42.1708984375 0.26704215145594185
mask_1883 33.276598 43.8203125 0.2816849069281808
mask_1884 33.671606 44.830078125 0.2750240424148344
mask_1885 32.930678 43.9970703125 0.2714552548994097
mask_1886 33.421302 44.408203125 0.27967993570753175
mask_1887 29.832246 42.2412109375 0.2657358557960428
mask_1888 35.127094 47.4541015625 0.265354804700578
mask_1889 31.198518 42.458984375 0.28285493156674185
mask_1890 34.787446 43.9072265625 0.2771941250282895
mask_1891 34.780854 46.4375 0.28426834538442525
mask_1892 35.041782 45.1171875 0.2611331453685708
mask_1893 27.967798 40.3134765625 0.26958938779285074
mask_1894 31.06207 43.470703125 0.27560111174893315
mask_1895 33.312054 44.3779296875 0.26647484885611733
mask_1896 29.61855 41.802734375 0.2672199055826676
mask_1897 30.698486 43.8291015625 0.24505219091493743
mask_1898 30.84287 44.072265625 0.25076989932870103
mask_1899 34.922678 44.8544921875 0.27232246039705027
mask_1900 32.191606 42.71484375 0.2664123956718403
mask_1901 34.823542 45.466796875 0.2798560681093453
mask_1902 30.866742 44.2353515625 0.2704805237322241
mask_1903 33.948982 46.658203125 0.27283908421361797
mask_1904 35.45567 45.380859375 0.27392662594368544
mask_1905 33.512758 42.7880859375 0.29716635559864435
mask_1906 29.729398 43.001953125 0.278244482307997
mask_1907 36.085174 47.3125 0.2874197044779984
mask_1908 35.653878 45.8896484375 0.2674500388379901
mask_1909 34.00255 45.529296875 0.2696462895655049
mask_1910 34.015094 45.22265625 0.2779869729122613
mask_1911 33.801206 45.2509765625 0.2799841534520033
mask_1912 29.40767 41.9453125 0.27529370194273856
mask_1913 31.113782 42.416015625 0.27179275201630165
mask_1914 30.701366 41.931640625 0.2741731156967159
mask_1915 31.601654 41.66015625 0.26903629958733377
mask_1916 35.091638 45.4619140625 0.28303829443438766
mask_1917 32.599158 45.046875 0.2625578359176229
mask_1918 33.436342 43.3193359375 0.26707418041588277
mask_1919 35.107638 44.375 0.2719536366691304
mask_1920 34.415542 45.97265625 0.27612941198255225
mask_1921 34.824566 46.0849609375 0.272412703828963
mask_1922 31.598902 43.0830078125 0.27634229767635066
mask_1923 34.016694 44.89453125 0.25548999645791776
mask_1924 35.687478 46.357421875 0.27902187977744214
mask_1925 34.878134 45.845703125 0.2846330314415049
mask_1926 34.47071 44.701171875 0.2668653720194118
mask_1927 32.894006 43.8349609375 0.2796747550804431
mask_1928 35.815478 46.72265625 0.2749853051397814
mask_1929 34.263414 44.263671875 0.2795475544180186
mask_1930 31.924918 43.4970703125 0.2737935715602413
mask_1931 28.655222 39.591796875 0.2670545382494585
mask_1932 30.477878 42.8349609375 0.2574385737736038
mask_1933 31.217398 43.8037109375 0.2822998570971218
mask_1934 36.54207 47.255859375 0.2786809153596543
mask_1935 34.847286 44.8427734375 0.280657218617158
mask_1936 32.221622 43.462890625 0.25854423613665695
mask_1937 35.50079 45.998046875 0.27753259013464665
mask_1938 34.73695 44.2841796875 0.26056699284162904
mask_1939 30.686134 42.580078125 0.2704981400814985
mask_1940 34.668598 45.79296875 0.27287384812934057
mask_1941 31.571254 43.0908203125 0.26975466469289466
mask_1942 32.73599 43.98046875 0.2871508355401557
mask_1943 31.755382 42.7412109375 0.27044925971771944
mask_1944 34.96927 45.271484375 0.2872291948950021
mask_1945 34.984118 45.99609375 0.2857986280644973
mask_1946 35.279286 46.7744140625 0.2680962372791735
mask_1947 33.270262 44.525390625 0.27119038336697704
mask_1948 33.272438 44.25 0.26807893945092015
mask_1949 33.360694 45.04296875 0.250983263158588
mask_1950 32.915638 44.412109375 0.2609261543917342
mask_1951 36.48991 46.8037109375 0.28631990266760865
mask_1952 28.936118 40.947265625 0.2727646978968425
mask_1953 32.806518 44.041015625 0.27045614941799856
mask_1954 34.654966 44.9443359375 0.27247407236386756
mask_1955 31.114742 41.4990234375 0.2746735130891655
mask_1956 34.124342 44.9443359375 0.2738788865490664
mask_1957 31.806198 44.7734375 0.26806451490939
mask_1958 32.655798 45.6494140625 0.2605577145180961
mask_1959 33.202486 43.6533203125 0.27680964362616634
mask_1960 36.59519 47.36328125 0.26240385392515503
mask_1961 36.405686 47.2333984375 0.27662337869392495
mask_1962 32.853494 44.923828125 0.27371754628842204
mask_1963 33.79455 45.4755859375 0.26670505907260933
mask_1964 29.316278 40.076171875 0.26515342817357634
mask_1965 32.778038 45.21875 0.2742602706979456
mask_1966 35.67007 46.6142578125 0.2624788230249386
mask_1967 33.262966 44.6484375 0.2784952547172204
mask_1968 36.139318 46.9541015625 0.26488001415362294
mask_1969 28.70271 38.82421875 0.27606212854459006
mask_1970 30.45151 42.59765625 0.27007270671856354
mask_1971 28.996534 42.0634765625 0.25699111389298573
mask_1972 31.077174 43.1337890625 0.27487237602589204
mask_1973 30.569398 41.6220703125 0.2721399727096573
mask_1974 31.986742 43.044921875 0.2727377571797065
mask_1975 28.433206 41.265625 0.26404566194847257
mask_1976 34.63263 46.296875 0.27744959085454457
mask_1977 34.538166 46.1923828125 0.27426735804186725
mask_1978 33.690166 44.6455078125 0.2883103617670172
mask_1979 35.869814 46.2978515625 0.27691336505240566
mask_1980 36.200758 46.5751953125 0.2744853630021635
mask_1981 28.86559 40.9912109375 0.26322381438253417
mask_1982 28.460278 41.1484375 0.2622012888727874
mask_1983 34.878966 44.5078125 0.26343373921132823
mask_1984 27.774006 40.265625 0.25300999144409136
mask_1985 35.876086 46.8154296875 0.27197854101672625
mask_1986 28.29119 41.1748046875 0.27898769212858493
mask_1987 35.555446 45.5126953125 0.27238032390931594
mask_1988 35.87071 45.0 0.26683515877089004
mask_1989 35.144822 46.9326171875 0.26740532352708574
mask_1990 28.82367 38.6259765625 0.25405029853525024
mask_1991 33.002486 44.466796875 0.2827541026283533
mask_1992 31.672822 41.6298828125 0.2702871607683768
mask_1993 30.718774 41.1455078125 0.27018075548126663
mask_1994 30.369782 41.3486328125 0.26252882191020227
mask_1995 34.82367 45.9443359375 0.26854710697819906
mask_1996 36.087414 46.3984375 0.2813497540224292
mask_1997 33.661494 44.90625 0.2806787670951011
mask_1998 32.061494 43.283203125 0.27906920389507445
mask_1999 35.208694 47.37109375 0.2780467685969663
